[Banks - 24.63]
HDFCBANK, HDFC Ltd, 1200.33, 3, 70, 11.4, 2.5, 900, Undervalued, 1300.13, 1450.11, 1801.10, 19.5, 0.84, -5
TMB, HDFC Ltd, 1200.33, 3, 70, 11.4, 2.5, 900, Undervalued, 1300.13, 1450.11, 1801.10, 19.5, 0.84, -5
KTKBANK, HDFC Ltd, 1200.33, 3, 70, 11.4, 2.5, 900, Undervalued, 1300.13, 1450.11, 1801.10, 19.5, 0.84, -5
AXISBANK, HDFC Ltd, 1200.33, 3, 70, 11.4, 2.5, 900, Undervalued, 1300.13, 1450.11, 1801.10, 19.5, 0.84, -5
SBIN, HDFC Ltd, 1200.33, 3, 70, 11.4, 2.5, 900, Undervalued, 1300.13, 1450.11, 1801.10, 19.5, 0.84, -5
INDUSINDBK, HDFC Ltd, 1200.33, 3, 70, 11.4, 2.5, 900, Undervalued, 1300.13, 1450.11, 1801.10, 19.5, 0.84, -5
AUBANK, HDFC Ltd, 1200.33, 3, 70, 11.4, 2.5, 900, Undervalued, 1300.13, 1450.11, 1801.10, 19.5, 0.84, -5
FEDERALBNK, HDFC Ltd, 1200.33, 3, 70, 11.4, 2.5, 900, Undervalued, 1300.13, 1450.11, 1801.10, 19.5, 0.84, -5
BANDHANBNK, HDFC Ltd, 1200.33, 3, 70, 11.4, 2.5, 900, Undervalued, 1300.13, 1450.11, 1801.10, 19.5, 0.84, -5
IDFCFIRSTB, HDFC Ltd, 1200.33, 3, 70, 11.4, 2.5, 900, Undervalued, 1300.13, 1450.11, 1801.10, 19.5, 0.84, -5
[Software & IT Services - 52.67]
INFY, HDFC Ltd, 1200.33, 3, 70, 11.4, 2.5, 900, Undervalued, 1300.13, 1450.11, 1801.10, 19.5, 0.84, -5
TCS, HDFC Ltd, 1200.33, 3, 70, 11.4, 2.5, 900, Undervalued, 1300.13, 1450.11, 1801.10, 19.5, 0.84, -5
WIPRO, HDFC Ltd, 1200.33, 3, 70, 11.4, 2.5, 900, Undervalued, 1300.13, 1450.11, 1801.10, 19.5, 0.84, -5
HCLTECH, HDFC Ltd, 1200.33, 3, 70, 11.4, 2.5, 900, Undervalued, 1300.13, 1450.11, 1801.10, 19.5, 0.84, -5
TECHM, HDFC Ltd, 1200.33, 3, 70, 11.4, 2.5, 900, Undervalued, 1300.13, 1450.11, 1801.10, 19.5, 0.84, -5
LTIM, HDFC Ltd, 1200.33, 3, 70, 11.4, 2.5, 900, Undervalued, 1300.13, 1450.11, 1801.10, 19.5, 0.84, -5
PERSISTENT, HDFC Ltd, 1200.33, 3, 70, 11.4, 2.5, 900, Undervalued, 1300.13, 1450.11, 1801.10, 19.5, 0.84, -5
COFORGE, HDFC Ltd, 1200.33, 3, 70, 11.4, 2.5, 900, Undervalued, 1300.13, 1450.11, 1801.10, 19.5, 0.84, -5
MPHASIS, HDFC Ltd, 1200.33, 3, 70, 11.4, 2.5, 900, Undervalued, 1300.13, 1450.11, 1801.10, 19.5, 0.84, -5
MINDTREE, HDFC Ltd, 1200.33, 3, 70, 11.4, 2.5, 900, Undervalued, 1300.13, 1450.11, 1801.10, 19.5, 0.84, -5
[Finance - 67.42]
BAJFINANCE, HDFC Ltd, 1200.33, 3, 70, 11.4, 2.5, 900, Undervalued, 1300.13, 1450.11, 1801.10, 19.5, 0.84, -5
BAJAJFINSV, HDFC Ltd, 1200.33, 3, 70, 11.4, 2.5, 900, Undervalued, 1300.13, 1450.11, 1801.10, 19.5, 0.84, -5
HDFC, HDFC Ltd, 1200.33, 3, 70, 11.4, 2.5, 900, Undervalued, 1300.13, 1450.11, 1801.10, 19.5, 0.84, -5
LICHSGFIN, HDFC Ltd, 1200.33, 3, 70, 11.4, 2.5, 900, Undervalued, 1300.13, 1450.11, 1801.10, 19.5, 0.84, -5
MUTHOOTFIN, HDFC Ltd, 1200.33, 3, 70, 11.4, 2.5, 900, Undervalued, 1300.13, 1450.11, 1801.10, 19.5, 0.84, -5
MANAPPURAM, HDFC Ltd, 1200.33, 3, 70, 11.4, 2.5, 900, Undervalued, 1300.13, 1450.11, 1801.10, 19.5, 0.84, -5
CHOLAFIN, HDFC Ltd, 1200.33, 3, 70, 11.4, 2.5, 900, Undervalued, 1300.13, 1450.11, 1801.10, 19.5, 0.84, -5
SUNDARMFIN, HDFC Ltd, 1200.33, 3, 70, 11.4, 2.5, 900, Undervalued, 1300.13, 1450.11, 1801.10, 19.5, 0.84, -5
PEL, HDFC Ltd, 1200.33, 3, 70, 11.4, 2.5, 900, Undervalued, 1300.13, 1450.11, 1801.10, 19.5, 0.84, -5
SHRIRAMFIN, HDFC Ltd, 1200.33, 3, 70, 11.4, 2.5, 900, Undervalued, 1300.13, 1450.11, 1801.10, 19.5, 0.84, -5
[Automobile & Ancillaries - 40.97]
MARUTI, HDFC Ltd, 1200.33, 3, 70, 11.4, 2.5, 900, Undervalued, 1300.13, 1450.11, 1801.10, 19.5, 0.84, -5
TATAMOTORS, HDFC Ltd, 1200.33, 3, 70, 11.4, 2.5, 900, Undervalued, 1300.13, 1450.11, 1801.10, 19.5, 0.84, -5
M&M, HDFC Ltd, 1200.33, 3, 70, 11.4, 2.5, 900, Undervalued, 1300.13, 1450.11, 1801.10, 19.5, 0.84, -5
BAJAJ-AUTO, HDFC Ltd, 1200.33, 3, 70, 11.4, 2.5, 900, Undervalued, 1300.13, 1450.11, 1801.10, 19.5, 0.84, -5
HEROMOTOCO, HDFC Ltd, 1200.33, 3, 70, 11.4, 2.5, 900, Undervalued, 1300.13, 1450.11, 1801.10, 19.5, 0.84, -5
EICHERMOT, HDFC Ltd, 1200.33, 3, 70, 11.4, 2.5, 900, Undervalued, 1300.13, 1450.11, 1801.10, 19.5, 0.84, -5
ASHOKLEY, HDFC Ltd, 1200.33, 3, 70, 11.4, 2.5, 900, Undervalued, 1300.13, 1450.11, 1801.10, 19.5, 0.84, -5
TVSMOTOR, HDFC Ltd, 1200.33, 3, 70, 11.4, 2.5, 900, Undervalued, 1300.13, 1450.11, 1801.10, 19.5, 0.84, -5
BOSCHLTD, HDFC Ltd, 1200.33, 3, 70, 11.4, 2.5, 900, Undervalued, 1300.13, 1450.11, 1801.10, 19.5, 0.84, -5
MOTHERSON, HDFC Ltd, 1200.33, 3, 70, 11.4, 2.5, 900, Undervalued, 1300.13, 1450.11, 1801.10, 19.5, 0.84, -5
[Healthcare - 74.07]
SUNPHARMA, HDFC Ltd, 1200.33, 3, 70, 11.4, 2.5, 900, Undervalued, 1300.13, 1450.11, 1801.10, 19.5, 0.84, -5
DRREDDY, HDFC Ltd, 1200.33, 3, 70, 11.4, 2.5, 900, Undervalued, 1300.13, 1450.11, 1801.10, 19.5, 0.84, -5
CIPLA, HDFC Ltd, 1200.33, 3, 70, 11.4, 2.5, 900, Undervalued, 1300.13, 1450.11, 1801.10, 19.5, 0.84, -5
DIVISLAB, HDFC Ltd, 1200.33, 3, 70, 11.4, 2.5, 900, Undervalued, 1300.13, 1450.11, 1801.10, 19.5, 0.84, -5
LUPIN, HDFC Ltd, 1200.33, 3, 70, 11.4, 2.5, 900, Undervalued, 1300.13, 1450.11, 1801.10, 19.5, 0.84, -5
AUROPHARMA, HDFC Ltd, 1200.33, 3, 70, 11.4, 2.5, 900, Undervalued, 1300.13, 1450.11, 1801.10, 19.5, 0.84, -5
BIOCON, HDFC Ltd, 1200.33, 3, 70, 11.4, 2.5, 900, Undervalued, 1300.13, 1450.11, 1801.10, 19.5, 0.84, -5
TORNTPHARM, HDFC Ltd, 1200.33, 3, 70, 11.4, 2.5, 900, Undervalued, 1300.13, 1450.11, 1801.10, 19.5, 0.84, -5
ALKEM, HDFC Ltd, 1200.33, 3, 70, 11.4, 2.5, 900, Undervalued, 1300.13, 1450.11, 1801.10, 19.5, 0.84, -5
GLENMARK, HDFC Ltd, 1200.33, 3, 70, 11.4, 2.5, 900, Undervalued, 1300.13, 1450.11, 1801.10, 19.5, 0.84, -5
[Oil & Gas - 28.61]
RELIANCE, HDFC Ltd, 1200.33, 3, 70, 11.4, 2.5, 900, Undervalued, 1300.13, 1450.11, 1801.10, 19.5, 0.84, -5
ONGC, HDFC Ltd, 1200.33, 3, 70, 11.4, 2.5, 900, Undervalued, 1300.13, 1450.11, 1801.10, 19.5, 0.84, -5
IOC, HDFC Ltd, 1200.33, 3, 70, 11.4, 2.5, 900, Undervalued, 1300.13, 1450.11, 1801.10, 19.5, 0.84, -5
BPCL, HDFC Ltd, 1200.33, 3, 70, 11.4, 2.5, 900, Undervalued, 1300.13, 1450.11, 1801.10, 19.5, 0.84, -5
HPCL, HDFC Ltd, 1200.33, 3, 70, 11.4, 2.5, 900, Undervalued, 1300.13, 1450.11, 1801.10, 19.5, 0.84, -5
GAIL, HDFC Ltd, 1200.33, 3, 70, 11.4, 2.5, 900, Undervalued, 1300.13, 1450.11, 1801.10, 19.5, 0.84, -5
PETRONET, HDFC Ltd, 1200.33, 3, 70, 11.4, 2.5, 900, Undervalued, 1300.13, 1450.11, 1801.10, 19.5, 0.84, -5
OIL, HDFC Ltd, 1200.33, 3, 70, 11.4, 2.5, 900, Undervalued, 1300.13, 1450.11, 1801.10, 19.5, 0.84, -5
IGL, HDFC Ltd, 1200.33, 3, 70, 11.4, 2.5, 900, Undervalued, 1300.13, 1450.11, 1801.10, 19.5, 0.84, -5
MGL, HDFC Ltd, 1200.33, 3, 70, 11.4, 2.5, 900, Undervalued, 1300.13, 1450.11, 1801.10, 19.5, 0.84, -5
[FMCG - 98.74]
HINDUNILVR, HDFC Ltd, 1200.33, 3, 70, 11.4, 2.5, 900, Undervalued, 1300.13, 1450.11, 1801.10, 19.5, 0.84, -5
ITC, HDFC Ltd, 1200.33, 3, 70, 11.4, 2.5, 900, Undervalued, 1300.13, 1450.11, 1801.10, 19.5, 0.84, -5
NESTLEIND, HDFC Ltd, 1200.33, 3, 70, 11.4, 2.5, 900, Undervalued, 1300.13, 1450.11, 1801.10, 19.5, 0.84, -5
BRITANNIA, HDFC Ltd, 1200.33, 3, 70, 11.4, 2.5, 900, Undervalued, 1300.13, 1450.11, 1801.10, 19.5, 0.84, -5
DABUR, HDFC Ltd, 1200.33, 3, 70, 11.4, 2.5, 900, Undervalued, 1300.13, 1450.11, 1801.10, 19.5, 0.84, -5
GODREJCP, HDFC Ltd, 1200.33, 3, 70, 11.4, 2.5, 900, Undervalued, 1300.13, 1450.11, 1801.10, 19.5, 0.84, -5
MARICO, HDFC Ltd, 1200.33, 3, 70, 11.4, 2.5, 900, Undervalued, 1300.13, 1450.11, 1801.10, 19.5, 0.84, -5
COLPAL, HDFC Ltd, 1200.33, 3, 70, 11.4, 2.5, 900, Undervalued, 1300.13, 1450.11, 1801.10, 19.5, 0.84, -5
EMAMILTD, HDFC Ltd, 1200.33, 3, 70, 11.4, 2.5, 900, Undervalued, 1300.13, 1450.11, 1801.10, 19.5, 0.84, -5
TATACONSUM, HDFC Ltd, 1200.33, 3, 70, 11.4, 2.5, 900, Undervalued, 1300.13, 1450.11, 1801.10, 19.5, 0.84, -5
[Sugar - 0]
EIDPARRY, HDFC Ltd, 1200.33, 3, 70, 11.4, 2.5, 900, Undervalued, 1300.13, 1450.11, 1801.10, 19.5, 0.84, -5
BALRAMCHIN, HDFC Ltd, 1200.33, 3, 70, 11.4, 2.5, 900, Undervalued, 1300.13, 1450.11, 1801.10, 19.5, 0.84, -5
DALMIASUG, HDFC Ltd, 1200.33, 3, 70, 11.4, 2.5, 900, Undervalued, 1300.13, 1450.11, 1801.10, 19.5, 0.84, -5
RENUKA, HDFC Ltd, 1200.33, 3, 70, 11.4, 2.5, 900, Undervalued, 1300.13, 1450.11, 1801.10, 19.5, 0.84, -5
[Metals & Mining - 25.33]
TATASTEEL, HDFC Ltd, 1200.33, 3, 70, 11.4, 2.5, 900, Undervalued, 1300.13, 1450.11, 1801.10, 19.5, 0.84, -5
JSWSTEEL, HDFC Ltd, 1200.33, 3, 70, 11.4, 2.5, 900, Undervalued, 1300.13, 1450.11, 1801.10, 19.5, 0.84, -5
HINDALCO, HDFC Ltd, 1200.33, 3, 70, 11.4, 2.5, 900, Undervalued, 1300.13, 1450.11, 1801.10, 19.5, 0.84, -5
VEDL, HDFC Ltd, 1200.33, 3, 70, 11.4, 2.5, 900, Undervalued, 1300.13, 1450.11, 1801.10, 19.5, 0.84, -5
NMDC, HDFC Ltd, 1200.33, 3, 70, 11.4, 2.5, 900, Undervalued, 1300.13, 1450.11, 1801.10, 19.5, 0.84, -5
COALINDIA, HDFC Ltd, 1200.33, 3, 70, 11.4, 2.5, 900, Undervalued, 1300.13, 1450.11, 1801.10, 19.5, 0.84, -5
NATIONALUM, HDFC Ltd, 1200.33, 3, 70, 11.4, 2.5, 900, Undervalued, 1300.13, 1450.11, 1801.10, 19.5, 0.84, -5
SAIL, HDFC Ltd, 1200.33, 3, 70, 11.4, 2.5, 900, Undervalued, 1300.13, 1450.11, 1801.10, 19.5, 0.84, -5
JINDALSTEL, HDFC Ltd, 1200.33, 3, 70, 11.4, 2.5, 900, Undervalued, 1300.13, 1450.11, 1801.10, 19.5, 0.84, -5
MOIL, HDFC Ltd, 1200.33, 3, 70, 11.4, 2.5, 900, Undervalued, 1300.13, 1450.11, 1801.10, 19.5, 0.84, -5
[Power - 42.79]
NTPC, HDFC Ltd, 1200.33, 3, 70, 11.4, 2.5, 900, Undervalued, 1300.13, 1450.11, 1801.10, 19.5, 0.84, -5
POWERGRID, HDFC Ltd, 1200.33, 3, 70, 11.4, 2.5, 900, Undervalued, 1300.13, 1450.11, 1801.10, 19.5, 0.84, -5
TATAPOWER, HDFC Ltd, 1200.33, 3, 70, 11.4, 2.5, 900, Undervalued, 1300.13, 1450.11, 1801.10, 19.5, 0.84, -5
ADANIPOWER, HDFC Ltd, 1200.33, 3, 70, 11.4, 2.5, 900, Undervalued, 1300.13, 1450.11, 1801.10, 19.5, 0.84, -5
NHPC, HDFC Ltd, 1200.33, 3, 70, 11.4, 2.5, 900, Undervalued, 1300.13, 1450.11, 1801.10, 19.5, 0.84, -5
JSWENERGY, HDFC Ltd, 1200.33, 3, 70, 11.4, 2.5, 900, Undervalued, 1300.13, 1450.11, 1801.10, 19.5, 0.84, -5
TORNTPOWER, HDFC Ltd, 1200.33, 3, 70, 11.4, 2.5, 900, Undervalued, 1300.13, 1450.11, 1801.10, 19.5, 0.84, -5
CESC, HDFC Ltd, 1200.33, 3, 70, 11.4, 2.5, 900, Undervalued, 1300.13, 1450.11, 1801.10, 19.5, 0.84, -5
SJVN, HDFC Ltd, 1200.33, 3, 70, 11.4, 2.5, 900, Undervalued, 1300.13, 1450.11, 1801.10, 19.5, 0.84, -5
NLCINDIA, HDFC Ltd, 1200.33, 3, 70, 11.4, 2.5, 900, Undervalued, 1300.13, 1450.11, 1801.10, 19.5, 0.84, -5
[Chemicals - 97.2]
AARTIIND, HDFC Ltd, 1200.33, 3, 70, 11.4, 2.5, 900, Undervalued, 1300.13, 1450.11, 1801.10, 19.5, 0.84, -5
SRF, HDFC Ltd, 1200.33, 3, 70, 11.4, 2.5, 900, Undervalued, 1300.13, 1450.11, 1801.10, 19.5, 0.84, -5
PIDILITIND, HDFC Ltd, 1200.33, 3, 70, 11.4, 2.5, 900, Undervalued, 1300.13, 1450.11, 1801.10, 19.5, 0.84, -5
ATUL, HDFC Ltd, 1200.33, 3, 70, 11.4, 2.5, 900, Undervalued, 1300.13, 1450.11, 1801.10, 19.5, 0.84, -5
FLUOROCHEM, HDFC Ltd, 1200.33, 3, 70, 11.4, 2.5, 900, Undervalued, 1300.13, 1450.11, 1801.10, 19.5, 0.84, -5
NAVINFLUOR, HDFC Ltd, 1200.33, 3, 70, 11.4, 2.5, 900, Undervalued, 1300.13, 1450.11, 1801.10, 19.5, 0.84, -5
TATACHEM, HDFC Ltd, 1200.33, 3, 70, 11.4, 2.5, 900, Undervalued, 1300.13, 1450.11, 1801.10, 19.5, 0.84, -5
DEEPAKNTR, HDFC Ltd, 1200.33, 3, 70, 11.4, 2.5, 900, Undervalued, 1300.13, 1450.11, 1801.10, 19.5, 0.84, -5
LINDEINDIA, HDFC Ltd, 1200.33, 3, 70, 11.4, 2.5, 900, Undervalued, 1300.13, 1450.11, 1801.10, 19.5, 0.84, -5
VINATIORGA, HDFC Ltd, 1200.33, 3, 70, 11.4, 2.5, 900, Undervalued, 1300.13, 1450.11, 1801.10, 19.5, 0.84, -5
[Capital Goods - 135.93]
SIEMENS, HDFC Ltd, 1200.33, 3, 70, 11.4, 2.5, 900, Undervalued, 1300.13, 1450.11, 1801.10, 19.5, 0.84, -5
ABB, HDFC Ltd, 1200.33, 3, 70, 11.4, 2.5, 900, Undervalued, 1300.13, 1450.11, 1801.10, 19.5, 0.84, -5
[Infrastructure - 38.19]
IRB, HDFC Ltd, 1200.33, 3, 70, 11.4, 2.5, 900, Undervalued, 1300.13, 1450.11, 1801.10, 19.5, 0.84, -5
GMRINFRA, HDFC Ltd, 1200.33, 3, 70, 11.4, 2.5, 900, Undervalued, 1300.13, 1450.11, 1801.10, 19.5, 0.84, -5
NBCC, HDFC Ltd, 1200.33, 3, 70, 11.4, 2.5, 900, Undervalued, 1300.13, 1450.11, 1801.10, 19.5, 0.84, -5
[Insurance - 70.81]
SBILIFE, HDFC Ltd, 1200.33, 3, 70, 11.4, 2.5, 900, Undervalued, 1300.13, 1450.11, 1801.10, 19.5, 0.84, -5
HDFCLIFE, HDFC Ltd, 1200.33, 3, 70, 11.4, 2.5, 900, Undervalued, 1300.13, 1450.11, 1801.10, 19.5, 0.84, -5
ICICIPRULI, HDFC Ltd, 1200.33, 3, 70, 11.4, 2.5, 900, Undervalued, 1300.13, 1450.11, 1801.10, 19.5, 0.84, -5
[Construction Materials - 103.22]
ULTRACEMCO, HDFC Ltd, 1200.33, 3, 70, 11.4, 2.5, 900, Undervalued, 1300.13, 1450.11, 1801.10, 19.5, 0.84, -5
ACC, HDFC Ltd, 1200.33, 3, 70, 11.4, 2.5, 900, Undervalued, 1300.13, 1450.11, 1801.10, 19.5, 0.84, -5
AMBUJACEM, HDFC Ltd, 1200.33, 3, 70, 11.4, 2.5, 900, Undervalued, 1300.13, 1450.11, 1801.10, 19.5, 0.84, -5
[Real Estate - 52.87]
DLF, HDFC Ltd, 1200.33, 3, 70, 11.4, 2.5, 900, Undervalued, 1300.13, 1450.11, 1801.10, 19.5, 0.84, -5
GODREJPROP, HDFC Ltd, 1200.33, 3, 70, 11.4, 2.5, 900, Undervalued, 1300.13, 1450.11, 1801.10, 19.5, 0.84, -5
OBEROIRLTY, HDFC Ltd, 1200.33, 3, 70, 11.4, 2.5, 900, Undervalued, 1300.13, 1450.11, 1801.10, 19.5, 0.84, -5
[Aviation - 63.91]
INDIGO, HDFC Ltd, 1200.33, 3, 70, 11.4, 2.5, 900, Undervalued, 1300.13, 1450.11, 1801.10, 19.5, 0.84, -5
SPICEJET, HDFC Ltd, 1200.33, 3, 70, 11.4, 2.5, 900, Undervalued, 1300.13, 1450.11, 1801.10, 19.5, 0.84, -5
JETAIRWAYS, HDFC Ltd, 1200.33, 3, 70, 11.4, 2.5, 900, Undervalued, 1300.13, 1450.11, 1801.10, 19.5, 0.84, -5
[Retailing - 157.1]
DMART, HDFC Ltd, 1200.33, 3, 70, 11.4, 2.5, 900, Undervalued, 1300.13, 1450.11, 1801.10, 19.5, 0.84, -5
VBL, HDFC Ltd, 1200.33, 3, 70, 11.4, 2.5, 900, Undervalued, 1300.13, 1450.11, 1801.10, 19.5, 0.84, -5
TRENT, HDFC Ltd, 1200.33, 3, 70, 11.4, 2.5, 900, Undervalued, 1300.13, 1450.11, 1801.10, 19.5, 0.84, -5
[Miscellaneous - 100.49]
3MINDIA, HDFC Ltd, 1200.33, 3, 70, 11.4, 2.5, 900, Undervalued, 1300.13, 1450.11, 1801.10, 19.5, 0.84, -5
HATSUN, HDFC Ltd, 1200.33, 3, 70, 11.4, 2.5, 900, Undervalued, 1300.13, 1450.11, 1801.10, 19.5, 0.84, -5
SCHAEFFLER, HDFC Ltd, 1200.33, 3, 70, 11.4, 2.5, 900, Undervalued, 1300.13, 1450.11, 1801.10, 19.5, 0.84, -5
[Diamond & Jewellery - 104.28]
TITAN, HDFC Ltd, 1200.33, 3, 70, 11.4, 2.5, 900, Undervalued, 1300.13, 1450.11, 1801.10, 19.5, 0.84, -5
THANGAMAYL, HDFC Ltd, 1200.33, 3, 70, 11.4, 2.5, 900, Undervalued, 1300.13, 1450.11, 1801.10, 19.5, 0.84, -5
PCJEWELLER, HDFC Ltd, 1200.33, 3, 70, 11.4, 2.5, 900, Undervalued, 1300.13, 1450.11, 1801.10, 19.5, 0.84, -5
[Consumer Durables - 87.72]
WHIRLPOOL, HDFC Ltd, 1200.33, 3, 70, 11.4, 2.5, 900, Undervalued, 1300.13, 1450.11, 1801.10, 19.5, 0.84, -5
VOLTAS, HDFC Ltd, 1200.33, 3, 70, 11.4, 2.5, 900, Undervalued, 1300.13, 1450.11, 1801.10, 19.5, 0.84, -5
DIXON, HDFC Ltd, 1200.33, 3, 70, 11.4, 2.5, 900, Undervalued, 1300.13, 1450.11, 1801.10, 19.5, 0.84, -5
[Trading - 80.11]
MMTC, HDFC Ltd, 1200.33, 3, 70, 11.4, 2.5, 900, Undervalued, 1300.13, 1450.11, 1801.10, 19.5, 0.84, -5
VISESHINFO, HDFC Ltd, 1200.33, 3, 70, 11.4, 2.5, 900, Undervalued, 1300.13, 1450.11, 1801.10, 19.5, 0.84, -5
GATI, HDFC Ltd, 1200.33, 3, 70, 11.4, 2.5, 900, Undervalued, 1300.13, 1450.11, 1801.10, 19.5, 0.84, -5
[Hospitality - 100.79]
INDHOTEL, HDFC Ltd, 1200.33, 3, 70, 11.4, 2.5, 900, Undervalued, 1300.13, 1450.11, 1801.10, 19.5, 0.84, -5
EIHOTEL, HDFC Ltd, 1200.33, 3, 70, 11.4, 2.5, 900, Undervalued, 1300.13, 1450.11, 1801.10, 19.5, 0.84, -5
MAHSEAMLES, HDFC Ltd, 1200.33, 3, 70, 11.4, 2.5, 900, Undervalued, 1300.13, 1450.11, 1801.10, 19.5, 0.84, -5
[Agri - 68.14]
KAVVERITEL, HDFC Ltd, 1200.33, 3, 70, 11.4, 2.5, 900, Undervalued, 1300.13, 1450.11, 1801.10, 19.5, 0.84, -5
KAVERI, HDFC Ltd, 1200.33, 3, 70, 11.4, 2.5, 900, Undervalued, 1300.13, 1450.11, 1801.10, 19.5, 0.84, -5
RALLIS, HDFC Ltd, 1200.33, 3, 70, 11.4, 2.5, 900, Undervalued, 1300.13, 1450.11, 1801.10, 19.5, 0.84, -5
[Textiles - 75.61]
ARVIND, HDFC Ltd, 1200.33, 3, 70, 11.4, 2.5, 900, Undervalued, 1300.13, 1450.11, 1801.10, 19.5, 0.84, -5
VARDMNPOLY, HDFC Ltd, 1200.33, 3, 70, 11.4, 2.5, 900, Undervalued, 1300.13, 1450.11, 1801.10, 19.5, 0.84, -5
WELSPUNIND, HDFC Ltd, 1200.33, 3, 70, 11.4, 2.5, 900, Undervalued, 1300.13, 1450.11, 1801.10, 19.5, 0.84, -5
[Industrial Gases & Fuels - 27.1]
LINDEINDIA, HDFC Ltd, 1200.33, 3, 70, 11.4, 2.5, 900, Undervalued, 1300.13, 1450.11, 1801.10, 19.5, 0.84, -5
GAIL, HDFC Ltd, 1200.33, 3, 70, 11.4, 2.5, 900, Undervalued, 1300.13, 1450.11, 1801.10, 19.5, 0.84, -5
INDOCO, HDFC Ltd, 1200.33, 3, 70, 11.4, 2.5, 900, Undervalued, 1300.13, 1450.11, 1801.10, 19.5, 0.84, -5
[Alcohol - 126.45]
UNITDSPR, HDFC Ltd, 1200.33, 3, 70, 11.4, 2.5, 900, Undervalued, 1300.13, 1450.11, 1801.10, 19.5, 0.84, -5
GLOBUSSPR, HDFC Ltd, 1200.33, 3, 70, 11.4, 2.5, 900, Undervalued, 1300.13, 1450.11, 1801.10, 19.5, 0.84, -5
RADICO, HDFC Ltd, 1200.33, 3, 70, 11.4, 2.5, 900, Undervalued, 1300.13, 1450.11, 1801.10, 19.5, 0.84, -5
[Electricals - 82.49]
HAVELLS, HDFC Ltd, 1200.33, 3, 70, 11.4, 2.5, 900, Undervalued, 1300.13, 1450.11, 1801.10, 19.5, 0.84, -5
POLYCAB, HDFC Ltd, 1200.33, 3, 70, 11.4, 2.5, 900, Undervalued, 1300.13, 1450.11, 1801.10, 19.5, 0.84, -5
FINCABLES, HDFC Ltd, 1200.33, 3, 70, 11.4, 2.5, 900, Undervalued, 1300.13, 1450.11, 1801.10, 19.5, 0.84, -5
[Logistics - 37.4]
BLUEDART, HDFC Ltd, 1200.33, 3, 70, 11.4, 2.5, 900, Undervalued, 1300.13, 1450.11, 1801.10, 19.5, 0.84, -5
TCIEXP, HDFC Ltd, 1200.33, 3, 70, 11.4, 2.5, 900, Undervalued, 1300.13, 1450.11, 1801.10, 19.5, 0.84, -5
VRLLOG, HDFC Ltd, 1200.33, 3, 70, 11.4, 2.5, 900, Undervalued, 1300.13, 1450.11, 1801.10, 19.5, 0.84, -5
[Plastic Products - 51.31]
VIPULORG, HDFC Ltd, 1200.33, 3, 70, 11.4, 2.5, 900, Undervalued, 1300.13, 1450.11, 1801.10, 19.5, 0.84, -5
NILKAMAL, HDFC Ltd, 1200.33, 3, 70, 11.4, 2.5, 900, Undervalued, 1300.13, 1450.11, 1801.10, 19.5, 0.84, -5
COSMOFILMS, HDFC Ltd, 1200.33, 3, 70, 11.4, 2.5, 900, Undervalued, 1300.13, 1450.11, 1801.10, 19.5, 0.84, -5
STYRENIX, HDFC Ltd, 1200.33, 3, 70, 11.4, 2.5, 900, Undervalued, 1300.13, 1450.11, 1801.10, 19.5, 0.84, -5
PLASTIBLEN, HDFC Ltd, 1200.33, 3, 70, 11.4, 2.5, 900, Undervalued, 1300.13, 1450.11, 1801.10, 19.5, 0.84, -5
SUPPETRO, HDFC Ltd, 1200.33, 3, 70, 11.4, 2.5, 900, Undervalued, 1300.13, 1450.11, 1801.10, 19.5, 0.84, -5
[Ship Building - 58.39]
ABGSHIP, HDFC Ltd, 1200.33, 3, 70, 11.4, 2.5, 900, Undervalued, 1300.13, 1450.11, 1801.10, 19.5, 0.84, -5
RELSHIP, HDFC Ltd, 1200.33, 3, 70, 11.4, 2.5, 900, Undervalued, 1300.13, 1450.11, 1801.10, 19.5, 0.84, -5
SCI, HDFC Ltd, 1200.33, 3, 70, 11.4, 2.5, 900, Undervalued, 1300.13, 1450.11, 1801.10, 19.5, 0.84, -5
[Media & Entertainment - 72.34]
ZEEL, HDFC Ltd, 1200.33, 3, 70, 11.4, 2.5, 900, Undervalued, 1300.13, 1450.11, 1801.10, 19.5, 0.84, -5
SUNTV, HDFC Ltd, 1200.33, 3, 70, 11.4, 2.5, 900, Undervalued, 1300.13, 1450.11, 1801.10, 19.5, 0.84, -5
TV18BRDCST, HDFC Ltd, 1200.33, 3, 70, 11.4, 2.5, 900, Undervalued, 1300.13, 1450.11, 1801.10, 19.5, 0.84, -5
[Footwear - 97.48]
RELAXO, HDFC Ltd, 1200.33, 3, 70, 11.4, 2.5, 900, Undervalued, 1300.13, 1450.11, 1801.10, 19.5, 0.84, -5
BATAINDIA, HDFC Ltd, 1200.33, 3, 70, 11.4, 2.5, 900, Undervalued, 1300.13, 1450.11, 1801.10, 19.5, 0.84, -5
MIRZAINT, HDFC Ltd, 1200.33, 3, 70, 11.4, 2.5, 900, Undervalued, 1300.13, 1450.11, 1801.10, 19.5, 0.84, -5
[Manufacturing - 62.15]
BEL, HDFC Ltd, 1200.33, 3, 70, 11.4, 2.5, 900, Undervalued, 1300.13, 1450.11, 1801.10, 19.5, 0.84, -5
BHEL, HDFC Ltd, 1200.33, 3, 70, 11.4, 2.5, 900, Undervalued, 1300.13, 1450.11, 1801.10, 19.5, 0.84, -5
CUMMINSIND, HDFC Ltd, 1200.33, 3, 70, 11.4, 2.5, 900, Undervalued, 1300.13, 1450.11, 1801.10, 19.5, 0.84, -5
[Containers & Packaging - 40.76]
HSIL, HDFC Ltd, 1200.33, 3, 70, 11.4, 2.5, 900, Undervalued, 1300.13, 1450.11, 1801.10, 19.5, 0.84, -5
TCI, HDFC Ltd, 1200.33, 3, 70, 11.4, 2.5, 900, Undervalued, 1300.13, 1450.11, 1801.10, 19.5, 0.84, -5
HIL, HDFC Ltd, 1200.33, 3, 70, 11.4, 2.5, 900, Undervalued, 1300.13, 1450.11, 1801.10, 19.5, 0.84, -5
[Paper - 26.25]
JKPAPER, HDFC Ltd, 1200.33, 3, 70, 11.4, 2.5, 900, Undervalued, 1300.13, 1450.11, 1801.10, 19.5, 0.84, -5
ORIENTPPR, HDFC Ltd, 1200.33, 3, 70, 11.4, 2.5, 900, Undervalued, 1300.13, 1450.11, 1801.10, 19.5, 0.84, -5
WESTCOAST, HDFC Ltd, 1200.33, 3, 70, 11.4, 2.5, 900, Undervalued, 1300.13, 1450.11, 1801.10, 19.5, 0.84, -5
