[Equity NWE - Nearing List]
Symbol,Rank,MTF,Quality Score,LTP,Day Gap%,Week Gap%,Month Gap%,Volatility%,Details
RUPA,1174,1.0,4,178.95,0.16,12.65,57.47,4.16,
KANSAINER,350,5.0,5,236.54,0.17,9.37,24.71,2.06,
THELEELA,445,5.0,2,417.0,0.36,,,2.6,
TATASTEEL,40,5.0,3,168.0,0.62,11.53,25.44,2.37,
CAMPUS,620,5.0,4,254.8,0.78,9.94,,3.23,
VMM,171,5.0,3,130.92,0.79,,,3.3,
MANGLMCEM,1085,5.0,3,710.25,0.85,16.04,16.12,2.73,
LICHSGFIN,270,5.0,5,546.1,0.92,13.31,18.96,1.35,
VISAKAIND,1385,1.0,4,69.92,0.95,20.23,52.72,5.3,
NCC,514,5.0,3,176.02,0.96,15.83,11.42,1.78,
OMAXE,1209,1.0,0,69.9,0.96,17.65,39.31,4.33,
SCI,507,5.0,3,241.95,1.03,24.89,33.48,3.69,
JUBLPHARMA,385,5.0,4,1055.9,1.06,16.51,25.85,2.97,
TBZ,1230,1.0,5,178.41,1.07,23.15,20.98,3.91,
PNCINFRA,665,5.0,3,261.4,1.11,18.98,44.27,3.29,
BOROLTD,834,5.0,3,323.0,1.16,11.82,,2.12,
RANEHOLDIN,1066,5.0,5,1435.6,1.16,17.42,38.46,3.33,
UBL,203,5.0,1,1726.9,1.22,6.78,8.0,1.55,
NFL,803,5.0,3,88.45,1.27,23.06,19.03,1.72,
MOIL,669,5.0,4,328.1,1.3,20.31,17.16,3.03,
DIFFNKG,1226,5.0,2,322.65,1.31,,,5.77,
GMBREW,1014,5.0,8,1027.1,1.37,22.84,43.28,5.75,
TTML,543,1.0,0,50.91,1.42,19.38,36.68,1.79,
NIACL,275,5.0,3,175.02,1.49,19.6,,2.28,
SURYAROSNI,721,5.0,5,256.95,1.51,17.58,15.86,3.07,
UFLEX,848,5.0,3,507.3,1.52,17.27,26.73,2.16,
SFL,673,5.0,2,609.4,1.54,14.47,35.77,3.02,
EPIGRAL,691,5.0,4,1442.4,1.56,-1.52,,2.15,
SUPREMEIND,210,5.0,3,3475.3,1.57,10.6,6.26,2.65,
APLAPOLLO,198,5.0,3,1704.7,1.61,10.17,24.33,2.03,
JLHL,563,5.0,3,1443.0,1.62,5.25,,2.93,
SUNTV,333,5.0,6,536.65,1.68,15.59,23.26,2.38,
ORIENTCEM,850,5.0,6,177.3,1.71,18.07,3.31,2.31,
JSWSTEEL,29,5.0,3,1147.5,1.74,8.39,24.6,1.67,
MIDHANI,676,5.0,1,348.65,1.77,16.41,,2.85,
BCLIND,1268,1.0,3,35.65,1.78,20.73,,2.67,
GUJTHEM,791,1.0,4,416.0,1.78,,,3.47,
INDIAMART,434,5.0,6,2358.9,1.78,11.9,,2.32,
VEDL,45,5.0,5,496.4,1.79,18.3,33.89,2.21,
BLKASHYAP,1253,1.0,0,48.71,1.81,21.62,14.25,4.14,
GMDCLTD,396,5.0,4,501.45,1.82,9.53,37.2,5.32,
BAJAJHFL,126,5.0,4,105.63,1.85,,,0.86,
JAGRAN,1153,1.0,4,69.94,1.85,13.85,42.0,0.87,
KSB,475,5.0,3,713.95,1.86,7.35,9.84,2.56,
IRCTC,185,5.0,4,695.5,1.89,14.82,,1.37,
WELCORP,314,5.0,6,867.9,1.91,11.31,19.07,2.25,
GPIL,398,5.0,4,245.05,1.94,48.22,83.35,4.42,
IGL,276,5.0,6,202.5,1.94,12.96,23.99,2.79,
MANINFRA,758,1.0,5,122.78,1.94,14.35,3.56,3.73,
TIINDIA,184,5.0,3,2884.4,1.94,13.48,,2.25,
SHRIPISTON,496,5.0,5,2624.1,1.95,15.07,40.03,2.67,
ROLEXRINGS,955,5.0,6,102.4,1.97,21.76,,2.61,
CHEMPLASTS,760,5.0,2,312.0,2.0,-7.13,,4.48,
PIIND,192,5.0,2,3421.8,2.02,12.21,14.7,1.84,
ONGC,24,5.0,3,246.8,2.02,17.05,21.61,1.53,
INDORAMA,1183,1.0,6,52.5,2.02,8.3,42.23,5.48,
FLUOROCHEM,234,5.0,2,3448.0,2.04,12.48,,2.22,
CGCL,360,5.0,4,190.4,2.05,57.04,121.57,2.84,
TIMETECHNO,549,5.0,4,197.36,2.07,12.35,18.75,4.23,
NMDC,164,5.0,6,73.55,2.08,15.22,21.39,1.77,
SAMMAANCAP,463,5.0,3,158.91,2.08,17.18,49.14,6.33,
TATACHEM,339,5.0,1,810.0,2.12,5.01,7.96,2.01,
SASKEN,1063,1.0,3,1359.0,2.13,19.83,18.66,2.27,
SHOPERSTOP,770,1.0,3,435.25,2.13,4.7,21.41,3.04,
GOACARBON,1428,1.0,1,419.55,2.17,29.85,51.36,1.46,
GVT&D,141,5.0,5,2884.0,2.17,18.78,35.42,3.62,
VINATIORGA,387,5.0,3,1594.6,2.17,10.76,14.78,1.84,
INOXINDIA,531,5.0,4,1145.3,2.2,3.13,,2.86,
BEPL,1026,5.0,4,92.39,2.2,19.74,34.46,1.2,
AWFIS,832,5.0,3,545.95,2.23,,,3.11,
AFCONS,425,5.0,3,396.7,2.24,,,2.36,
MAXIND,1277,1.0,2,195.52,2.24,21.6,,3.56,
ONMOBILE,1382,5.0,1,58.2,2.24,21.52,61.84,3.6,
STANLEY,1202,1.0,3,228.85,2.24,,,4.05,
CIEINDIA,405,5.0,4,413.0,2.25,15.01,21.44,1.91,
JCHAC,774,5.0,2,1752.0,2.26,19.99,34.65,0.45,
BFINVEST,1122,1.0,3,449.75,2.28,16.72,15.89,2.03,
COALINDIA,38,5.0,6,378.2,2.29,14.04,20.59,1.11,
KAMDHENU,1346,1.0,7,26.62,2.3,40.74,20.49,2.18,
TOLINS,1386,5.0,3,152.45,2.3,,,5.01,
STARHEALTH,274,5.0,1,491.4,2.31,19.19,,3.06,
SHAKTIPUMP,597,5.0,4,689.45,2.31,12.6,9.19,2.6,
ORIENTPPR,1407,1.0,1,23.65,2.32,30.61,39.34,2.2,
REFEX,797,5.0,3,324.7,2.32,21.5,1.14,2.77,
GRASIM,47,5.0,3,2740.6,2.33,7.6,18.52,1.11,
GREENLAM,686,5.0,3,247.75,2.34,12.56,31.5,3.32,
STYRENIX,860,5.0,6,2039.4,2.34,7.19,3.44,4.31,
AEGISVOPAK,277,5.0,2,255.5,2.35,,,2.67,
DLF,48,5.0,1,730.5,2.35,14.51,16.16,1.58,
SANGHIIND,1134,1.0,3,62.81,2.35,22.75,57.91,2.0,
SCILAL,1034,1.0,5,48.29,2.35,,,2.09,
TATAPOWER,74,5.0,2,387.0,2.35,13.65,17.02,1.51,
GTPL,1243,1.0,4,101.12,2.38,14.32,24.28,2.11,
SIS,789,5.0,3,323.0,2.4,8.91,15.25,2.24,
IKS,286,5.0,4,1586.0,2.41,,,2.02,
SAGILITY,317,5.0,4,48.47,2.42,,,5.0,
STERTOOLS,1284,5.0,2,276.85,2.42,29.25,17.82,3.0,
COSMOFIRST,1093,5.0,5,732.9,2.44,16.13,22.16,3.39,
JBCHEPHARM,280,5.0,5,1731.9,2.48,12.37,16.41,1.87,
VEEDOL,951,5.0,5,1657.2,2.49,20.48,29.94,2.78,
ICRA,709,5.0,5,6074.0,2.5,9.55,11.54,1.9,
MATRIMONY,1260,1.0,2,499.0,2.52,17.72,,3.11,
LICI,9,5.0,7,902.2,2.54,14.51,,1.44,
RATNAMANI,393,5.0,5,2300.6,2.54,15.7,7.55,2.1,
RCF,612,5.0,4,146.24,2.55,22.55,19.47,2.08,
TRANSWORLD,1409,1.0,2,226.22,2.55,,,4.24,
CHEVIOT,1373,1.0,6,1106.1,2.57,11.84,,1.36,
RAIN,841,5.0,2,112.31,2.6,6.17,60.15,3.03,
VAIBHAVGBL,828,5.0,4,239.75,2.61,24.71,75.99,3.56,
PFC,76,5.0,6,369.35,2.63,12.4,9.97,1.32,
SAIL,186,5.0,3,134.08,2.64,19.48,33.78,2.63,
ACCELYA,1083,5.0,3,1319.4,2.65,10.44,16.29,1.21,
VASCONEQ,1242,5.0,5,50.45,2.65,9.88,31.23,5.79,
HEUBACHIND,1252,1.0,3,475.95,2.66,4.87,17.2,2.55,
OBEROIRLTY,175,5.0,4,1656.8,2.66,18.57,17.0,2.29,
AMBUJACEM,66,5.0,5,547.6,2.67,11.39,16.29,1.4,
INOXGREEN,601,5.0,3,223.7,2.7,25.28,,5.03,
SUPRIYA,704,5.0,7,743.1,2.7,17.68,,4.37,
DVL,1269,1.0,3,300.25,2.71,13.73,12.72,2.65,
MMTC,564,5.0,2,62.94,2.71,24.61,27.19,2.51,
NTPC,23,5.0,4,326.6,2.71,12.62,12.82,1.08,
SJVN,260,5.0,2,81.03,2.73,16.74,10.69,1.53,
CGPOWER,94,5.0,5,714.65,2.73,13.21,21.17,1.88,
HERITGFOOD,804,5.0,4,464.35,2.76,20.23,28.33,1.43,
HPAL,1424,1.0,5,46.29,2.79,26.1,,3.29,
OSWALGREEN,1315,1.0,5,35.04,2.79,20.37,14.54,2.29,
PGHL,550,5.0,2,5845.5,2.79,3.69,25.26,1.76,
BORORENEW,600,5.0,2,602.95,2.8,12.34,,3.89,
TDPOWERSYS,504,5.0,4,724.8,2.83,24.61,45.1,4.16,
HAL,25,5.0,7,4628.8,2.86,19.86,,1.83,
AADHARHFC,337,5.0,5,481.6,2.87,,,1.88,(Stock Name: AADHAR HOUSING FINANCE L; Sector: Financial Services; Intrinsic: 159.38; Revenue: 2048 cr; Net Profit: 988 cr; Recommended: strong_buy; Projected High: 650.0; Projected Medium: 625.0; Projected Low: 540.0; All time high: 547.8 => 12.0%; SMA 200: 467.78 => 2.87%; RSI: 31.74; Day Volatility: 1.88; Week Volatility: 5.2; Month Volatility: 10.85; Day Trend: Downtrend; Week Trend: Downtrend; Month Trend: Downtrend; Day Support: 346.05 => 28.15%; Week Support: 346.05 => 28.15%; Month Support: 0.0 => 100.0%; Day NWE: 467.78 => 2.87%; Week NWE: 0.0 => 100.0%; Month NWE: 0.0 => 100.0%)
BIRLANU,1200,1.0,2,1739.7,2.88,,,1.86,
POLYCAB,91,5.0,4,7512.0,2.91,18.31,,1.61,
MRF,163,5.0,3,152775.0,2.94,13.11,24.58,1.7,
ARIHANTSUP,1140,1.0,4,367.5,2.95,11.89,3.13,3.08,
NHPC,136,5.0,4,78.95,2.96,14.13,11.73,1.55,
CARBORUNIV,403,5.0,2,825.55,2.97,18.94,9.67,2.67,
INDNIPPON,1090,5.0,6,850.2,2.97,8.39,30.6,5.08,
EXCELINDUS,1228,1.0,6,949.3,2.98,15.59,28.05,3.91,
VENKEYS,1097,5.0,2,1329.0,2.98,10.33,51.57,2.09,
FINCABLES,494,5.0,6,759.55,2.99,28.39,17.66,1.82,
REPRO,1359,1.0,1,489.55,2.99,21.04,41.14,6.87,
SHILPAMED,662,5.0,2,350.6,3.0,17.08,23.72,4.13,
TORNTPHARM,72,5.0,4,3686.5,3.02,12.91,20.12,1.63,
PGHH,217,5.0,3,12835.0,3.03,4.67,8.28,1.47,
GULPOLY,1318,1.0,4,142.0,3.04,16.08,5.68,2.6,
HINDALCO,50,5.0,5,781.95,3.04,13.91,27.1,1.69,
OIL,149,5.0,5,425.0,3.06,30.63,20.85,1.9,
DBL,656,5.0,4,430.0,3.08,3.5,4.59,3.12,
HAVELLS,123,5.0,3,1437.2,3.09,10.61,11.79,1.37,
ARE&M,372,5.0,4,955.1,3.1,1.8,,1.3,
TATATECH,279,5.0,4,670.45,3.1,1.36,,1.79,
GULFOILLUB,714,5.0,6,1170.4,3.12,13.49,26.65,1.81,
NTPCGREEN,134,5.0,3,97.16,3.12,,,1.03,
HINDZINC,43,5.0,5,464.5,3.14,24.02,20.13,2.25,
CERA,638,5.0,3,5651.0,3.15,18.85,14.17,1.8,
CHOLAFIN,65,5.0,5,1661.4,3.15,15.86,24.09,1.85,
ITC,12,5.0,5,407.75,3.16,9.74,13.17,1.15,
VSTTILLERS,788,5.0,5,5273.0,3.16,14.6,33.47,3.83,
TNPETRO,1308,5.0,4,103.08,3.17,10.8,36.88,4.02,
SUNTECK,695,5.0,4,418.7,3.17,17.13,33.92,3.08,
WINDLAS,1125,5.0,4,794.05,3.17,6.83,,3.26,
PARKHOTELS,930,5.0,4,138.89,3.17,,,2.0,
RHIM,558,5.0,3,462.4,3.17,19.23,34.35,2.9,
MADRASFERT,1218,1.0,2,78.25,3.17,17.39,13.44,2.58,
PNGJL,595,5.0,4,631.05,3.19,,,2.98,
CARERATING,792,5.0,5,1496.2,3.21,13.82,26.1,3.16,
KPIL,336,5.0,4,1227.0,3.23,12.85,,2.63,
RAMASTEEL,1131,1.0,3,10.01,3.23,22.93,22.15,3.2,
NLCINDIA,249,5.0,5,245.85,3.25,11.73,17.86,2.16,
ITI,273,5.0,1,302.4,3.26,20.28,22.07,2.31,
PATELENG,960,1.0,4,34.18,3.26,18.53,30.97,2.32,
RECLTD,115,5.0,6,358.25,3.26,19.93,12.68,1.25,
TTKPRESTIG,580,5.0,3,659.8,3.26,17.23,24.51,1.68,
CASTROLIND,356,5.0,3,188.29,3.27,16.95,11.73,1.24,
SHYAMMETL,313,5.0,4,826.2,3.27,7.56,,2.02,
PURVA,713,5.0,3,243.55,3.28,33.33,20.71,2.84,
BUTTERFLY,1214,1.0,4,710.25,3.28,23.48,54.08,2.17,
MTNL,996,1.0,2,39.14,3.29,23.29,12.1,1.92,
GNFC,640,5.0,6,493.2,3.32,13.57,29.2,1.89,
DOMS,414,5.0,4,2513.0,3.33,5.95,,2.64,
SDBL,1007,1.0,2,116.0,3.34,7.13,29.25,3.14,
ASTRAL,225,5.0,3,1448.6,3.35,19.81,25.94,2.36,
IGPL,1239,1.0,2,377.15,3.35,15.01,50.24,2.24,
KNRCON,783,5.0,3,165.05,3.35,19.17,7.92,2.47,
BASF,353,5.0,0,4346.7,3.36,30.3,15.08,2.16,
ENTERO,785,5.0,3,1057.8,3.37,,,3.85,
ZYDUSLIFE,116,5.0,6,924.3,3.37,12.62,17.66,1.38,
PPLPHARMA,297,5.0,1,187.89,3.38,17.07,,2.07,
DIVGIITTS,1096,1.0,5,614.4,3.39,19.53,,4.43,
SBCL,986,5.0,4,440.0,3.4,8.24,,4.25,
NUCLEUS,995,1.0,7,943.4,3.4,20.75,23.29,2.52,
AKUMS,682,5.0,2,417.0,3.41,,,3.45,
ASTRAZEN,323,5.0,4,8954.5,3.41,11.74,23.18,2.49,
HFCL,527,5.0,1,72.5,3.41,34.71,20.22,2.28,
HMVL,1400,1.0,5,71.84,3.42,5.35,41.69,4.97,
BAJAJHLDNG,70,5.0,7,11633.0,3.43,3.92,11.13,3.25,
HONAUT,267,5.0,3,34590.0,3.43,16.83,14.69,1.39,
LLOYDSME,160,5.0,5,1246.5,3.43,11.92,,3.51,
HEIDELBERG,816,5.0,4,182.5,3.44,4.39,12.13,1.71,
MOLDTKPAC,1054,5.0,3,631.2,3.45,5.43,28.71,3.8,
SHREECEM,114,5.0,3,26480.0,3.45,1.92,7.78,1.22,
ANANDRATHI,305,5.0,4,2851.9,3.46,12.42,,2.74,
DOLATALGO,1216,1.0,3,71.84,3.46,36.16,,6.45,
ULTRACEMCO,20,5.0,3,11729.0,3.47,5.96,14.03,1.09,
PSB,334,5.0,4,29.74,3.5,32.99,31.52,2.81,
PSPPROJECT,870,5.0,3,883.9,3.51,16.9,51.2,4.73,
HDFCBANK,2,5.0,4,1002.1,3.52,10.09,19.36,1.25,
ORIENTHOT,1067,5.0,3,114.4,3.52,10.92,2.55,2.96,
SCHAEFFLER,169,5.0,3,3970.3,3.53,15.85,19.78,2.39,
SYNCOMF,1161,1.0,7,15.87,3.53,14.02,,2.71,
PREMIERENE,209,5.0,5,989.3,3.54,,,2.59,
VESUVIUS,553,5.0,3,477.0,3.55,13.72,12.42,2.64,
ASTERDM,248,5.0,3,660.0,3.56,15.79,,2.77,
DELTACORP,1098,5.0,4,69.32,3.56,11.8,98.9,2.23,
NILKAMAL,1042,1.0,4,1465.9,3.56,8.53,22.05,1.25,
IRFC,56,5.0,4,119.82,3.58,24.71,,1.38,
MAYURUNIQ,1043,5.0,8,502.5,3.58,13.96,22.35,3.33,
SESHAPAPER,1147,1.0,3,245.45,3.59,9.8,12.86,2.48,
CENTENKA,1290,1.0,3,451.25,3.6,18.74,15.34,2.1,
RGL,1176,1.0,4,129.7,3.6,28.82,35.34,5.2,
AUTOAXLES,1000,1.0,5,1624.9,3.6,7.31,24.56,1.58,
FIRSTCRY,412,5.0,3,316.5,3.61,,,3.22,
GRAPHITE,520,5.0,3,552.7,3.62,16.27,65.34,3.75,
CENTURYPLY,381,5.0,3,756.75,3.63,13.11,20.8,2.49,
GICRE,155,5.0,4,383.8,3.64,17.96,,2.07,
JINDALSTEL,101,5.0,3,1054.1,3.65,14.48,25.29,1.74,
ORISSAMINE,928,1.0,2,4951.0,3.65,22.53,24.91,3.06,
SUMMITSEC,1025,1.0,4,2113.4,3.66,24.46,19.97,2.41,
EASEMYTRIP,969,5.0,1,7.4,3.67,34.87,,2.08,
JAYAGROGN,1371,1.0,3,216.0,3.67,11.35,34.15,3.36,
USHAMART,457,5.0,4,432.3,3.69,14.32,28.59,3.81,
ALKEM,154,5.0,5,5658.5,3.7,15.86,27.42,2.16,
BLAL,1329,5.0,0,203.21,3.71,3.66,,2.54,
HUHTAMAKI,1118,5.0,2,225.5,3.72,25.68,38.49,2.8,
VINYLINDIA,1415,1.0,6,256.25,3.72,16.4,25.52,3.24,
ANDHRAPAP,1182,1.0,1,69.47,3.73,11.21,21.85,2.09,
LINCOLN,1266,1.0,6,528.0,3.73,20.93,23.86,3.59,
PITTIENG,898,1.0,3,869.0,3.73,16.34,7.92,2.28,
SUNCLAY,971,5.0,0,1217.0,3.73,49.32,,5.85,
VGUARD,416,5.0,2,345.85,3.73,12.01,11.83,1.47,
NPST,914,1.0,2,1603.5,3.74,23.95,,4.6,
PCBL,459,5.0,2,332.4,3.75,17.52,8.57,2.68,
SUZLON,138,5.0,5,55.1,3.75,23.07,13.52,1.86,
LUXIND,867,5.0,4,1168.2,3.76,24.28,38.19,2.17,
GNA,1193,1.0,3,308.7,3.77,14.44,29.88,2.15,
PETRONET,219,5.0,4,275.0,3.79,15.01,8.72,1.41,
INNOVACAP,817,5.0,4,722.55,3.79,24.64,,3.85,
GODIGIT,255,5.0,3,352.6,3.79,,,1.84,
ICICIBANK,5,5.0,5,1369.9,3.81,7.05,15.34,1.14,
CHOLAHLDNG,244,5.0,5,1843.0,3.82,15.15,19.95,2.92,
EIHAHOTELS,1040,1.0,5,361.75,3.82,14.18,16.41,1.9,
UCOBANK,228,5.0,4,30.7,3.83,26.43,25.63,2.59,
ARVSMART,967,5.0,2,587.35,3.84,19.48,46.08,2.24,
SILINV,1387,1.0,5,566.05,3.84,9.44,21.38,3.63,
SYNGENE,295,5.0,2,629.25,3.85,13.41,18.46,1.9,
TVSHLTD,271,5.0,5,14482.0,3.85,25.25,37.04,4.27,
CHOICEIN,389,5.0,4,782.15,3.86,12.82,,1.66,
AWHCL,1199,5.0,5,464.5,3.88,14.53,,2.81,
DCXINDIA,1053,5.0,3,189.25,3.88,15.29,,4.34,
YESBANK,146,5.0,3,22.43,3.88,19.89,279.88,1.78,
DEEPAKNTR,309,5.0,1,1701.3,3.89,17.26,19.18,1.59,
MOLDTECH,1414,1.0,1,167.5,3.9,21.33,53.34,5.37,
BANKBARODA,61,5.0,4,284.5,3.91,19.31,31.73,1.92,
HCC,802,1.0,3,24.11,3.91,29.12,26.22,2.71,
THERMAX,256,5.0,1,2886.7,3.93,21.9,5.35,2.34,
HBLENGINE,296,5.0,5,909.7,3.94,,,5.24,
GLAND,272,5.0,3,1778.0,3.96,8.38,,2.62,
APOLLOHOSP,102,5.0,4,7405.0,3.98,7.06,18.16,1.21,
EPACK,988,5.0,1,262.0,3.98,,,3.29,
GRINFRA,524,5.0,5,1095.5,3.98,14.29,,3.84,
IREDA,220,5.0,5,145.69,3.98,0.93,,1.71,
VSTIND,807,5.0,4,252.3,3.98,16.94,8.5,1.23,
SUNFLAG,794,5.0,4,247.4,3.99,10.81,17.23,2.75,
RSYSTEMS,771,5.0,3,402.75,4.0,14.9,18.94,3.57,
NEOGEN,892,5.0,2,1249.0,4.0,10.55,,3.92,
JWL,469,5.0,1,298.55,4.02,32.83,14.4,2.19,
KPITTECH,259,5.0,3,1174.1,4.02,18.76,,2.13,
MSTCLTD,874,5.0,6,493.0,4.02,32.95,,2.8,
ADANIPORTS,22,5.0,5,1470.9,4.04,19.1,25.43,1.55,
KIMS,284,5.0,3,663.55,4.06,6.24,,2.38,
PHOENIXLTD,173,5.0,3,1695.0,4.06,18.58,20.44,2.05,
PIXTRANS,1081,1.0,4,1451.9,4.06,26.71,,2.37,
HGINFRA,719,5.0,4,865.4,4.07,23.73,,2.43,
SUNDROP,948,1.0,5,750.6,4.07,,,2.09,
PPL,1383,1.0,3,256.3,4.09,22.58,,3.31,
GOCLCORP,1146,1.0,3,313.0,4.1,13.39,33.28,3.62,
INOXWIND,304,5.0,4,137.92,4.11,25.33,49.57,3.57,
SHRIRAMPPS,1155,5.0,5,88.59,4.11,24.06,,3.37,
VRAJ,1420,1.0,5,135.58,4.12,,,2.38,
IFCI,437,5.0,4,52.4,4.13,28.29,21.21,2.55,
JKIL,786,5.0,4,605.2,4.13,15.91,12.04,1.98,
GSFC,627,5.0,7,188.85,4.14,16.61,20.84,2.01,
PRINCEPIPE,896,5.0,1,294.6,4.14,32.25,,2.39,
ROSSARI,881,5.0,4,614.0,4.14,12.78,,1.51,
TMB,619,5.0,4,496.05,4.14,16.02,,2.16,
AWL,242,5.0,4,270.8,4.15,15.38,,2.72,
RPTECH,1050,5.0,5,328.4,4.15,,,2.86,
STAR,606,5.0,4,895.05,4.15,42.67,45.76,4.87,
PVRINOX,521,5.0,3,1096.5,4.16,20.46,,2.44,
ALEMBICLTD,987,5.0,6,98.5,4.17,22.77,22.23,1.81,
TECHNOE,449,5.0,5,1170.4,4.18,20.09,9.39,3.62,
SURAKSHA,1144,1.0,3,299.55,4.18,,,3.01,
ACMESOLAR,429,5.0,4,238.85,4.18,,,2.37,
HARSHA,856,1.0,3,396.05,4.18,14.05,,2.63,
STCINDIA,1352,1.0,0,121.68,4.18,26.29,28.18,3.53,
AJANTPHARM,264,5.0,5,2473.8,4.19,14.74,13.63,1.86,
GATEWAY,921,5.0,6,60.43,4.19,15.96,,2.62,
HSCL,326,5.0,3,441.0,4.2,19.72,16.61,1.76,
MANYAVAR,421,5.0,3,609.65,4.24,30.37,,1.62,
ACC,245,5.0,6,1840.8,4.25,15.0,19.93,1.02,
CENTRALBK,246,5.0,4,38.1,4.25,23.82,45.75,2.65,
GAIL,78,5.0,4,183.0,4.25,19.87,19.91,1.45,
ICICIPRULI,125,5.0,1,617.2,4.25,16.78,12.54,1.7,
RPGLIFE,845,5.0,5,2254.0,4.25,12.44,15.81,2.74,
WELENT,639,5.0,3,531.5,4.26,20.05,23.28,2.55,
PAGEIND,214,5.0,3,38900.0,4.26,5.43,14.28,2.63,
ATALREAL,1445,1.0,1,23.51,4.27,23.92,,7.06,
VBL,59,5.0,1,447.65,4.27,15.45,20.39,1.65,
ANDHRSUGAR,1263,5.0,7,78.71,4.3,17.2,40.84,2.68,
J&KBANK,491,5.0,3,106.1,4.3,16.4,34.55,2.51,
NAVKARCORP,1149,5.0,3,102.6,4.3,16.96,38.95,3.79,
GOPAL,819,5.0,1,329.95,4.32,,,1.56,
GSPL,380,5.0,6,298.55,4.32,18.83,14.04,1.87,
XCHANGING,1299,5.0,6,86.15,4.32,18.7,22.21,2.22,
DELHIVERY,262,5.0,3,418.3,4.33,13.59,,2.5,
NIITLTD,1190,5.0,5,97.58,4.33,30.04,95.39,2.39,
GICHSGFIN,1310,5.0,5,169.8,4.34,18.83,45.45,2.28,
PIDILITIND,60,5.0,3,1471.9,4.36,7.61,13.67,1.57,
KECL,1356,1.0,1,109.08,4.36,30.56,13.96,2.22,
IOC,37,5.0,4,167.26,4.36,23.7,33.05,1.93,
HDFCLIFE,53,5.0,1,764.15,4.36,12.3,,1.3,
GODREJCP,90,5.0,2,1115.2,4.36,12.83,12.21,1.53,
PATANJALI,165,5.0,3,581.2,4.37,10.5,32.54,1.64,
DAMCAPITAL,1126,5.0,5,236.3,4.38,,,3.4,
IOB,139,5.0,5,39.12,4.38,25.01,24.19,2.26,
NOCIL,942,5.0,3,171.18,4.38,16.49,28.13,2.97,
APOLLOTYRE,253,5.0,2,517.15,4.39,18.52,27.82,3.05,
MAPMYINDIA,569,5.0,4,1700.5,4.39,15.66,,1.46,
CHAMBLFERT,361,5.0,7,457.0,4.4,10.63,8.78,1.71,
CROMPTON,373,5.0,3,269.75,4.4,14.81,16.32,1.86,
KOLTEPATIL,873,5.0,1,391.4,4.4,12.97,29.77,2.61,
MARICO,113,5.0,4,740.1,4.4,11.43,18.1,2.02,
HONDAPOWER,992,1.0,4,2467.4,4.41,24.12,13.49,2.87,
FORTIS,148,5.0,3,918.0,4.42,7.77,27.17,2.53,
EXIDEIND,258,5.0,1,378.1,4.43,19.14,17.95,1.26,
SKIPPER,725,5.0,4,484.85,4.44,14.37,43.09,2.99,
BLACKBUCK,499,5.0,5,630.6,4.45,,,4.91,
DIVISLAB,52,5.0,6,6400.0,4.47,13.2,23.86,1.6,
GTLINFRA,1111,1.0,1,1.36,4.47,40.02,98.06,2.1,
JYOTHYLAB,503,5.0,4,309.6,4.47,23.98,14.23,1.57,
BALMLAWRIE,897,5.0,3,189.9,4.48,17.71,13.69,1.78,
ICICIGI,109,5.0,5,2024.0,4.48,15.78,,1.86,
GUJGASLTD,278,5.0,3,400.35,4.49,17.64,28.15,1.49,
TIRUMALCHM,935,5.0,1,245.9,4.49,8.9,25.03,3.33,
RKFORGE,554,5.0,1,535.0,4.51,24.39,11.91,3.97,
STLTECH,742,5.0,1,106.06,4.52,13.69,104.74,4.18,
SCHNEIDER,370,5.0,3,741.35,4.53,12.09,20.88,3.49,
EXICOM,1120,5.0,3,121.94,4.53,,,3.36,
BEL,26,5.0,6,418.2,4.54,17.21,28.93,1.79,
BRIGADE,327,5.0,4,907.1,4.54,20.39,8.85,2.14,
MUKKA,1349,1.0,5,24.57,4.55,,,4.7,
TEAMLEASE,958,5.0,3,1657.9,4.55,20.78,39.64,2.48,
OLECTRA,518,5.0,3,1330.6,4.57,12.47,21.87,2.89,
INDGN,481,5.0,5,510.1,4.58,,,1.65,
RPSGVENT,972,5.0,3,810.8,4.58,18.05,,2.85,
SEPC,1135,1.0,3,10.15,4.58,41.35,41.7,4.87,
SUBEXLTD,1363,5.0,1,12.46,4.59,47.2,83.26,4.12,
WAAREEENER,120,5.0,5,3185.7,4.59,,,2.34,
TANLA,625,5.0,5,577.6,4.6,17.6,58.82,2.24,
VIJAYA,533,5.0,4,1007.4,4.6,12.84,,3.09,
TORNTPOWER,162,5.0,4,1291.4,4.61,24.85,11.3,1.67,
JSFB,773,5.0,5,452.75,4.63,,,2.61,
DEN,1158,1.0,5,31.41,4.63,16.92,55.71,1.97,
PFS,1035,1.0,5,35.0,4.64,27.65,22.95,1.49,
SWIGGY,124,5.0,3,385.45,4.64,,,2.98,
EMSLIMITED,985,5.0,4,457.0,4.65,4.71,,2.95,
JSWINFRA,180,5.0,5,272.7,4.65,5.33,,2.37,
WHEELS,1056,1.0,4,857.25,4.65,16.29,42.03,2.13,
GHCL,715,5.0,4,600.4,4.66,14.95,19.91,2.46,
SANDUMA,545,5.0,6,202.69,4.66,30.49,,4.2,
AMRUTANJAN,1071,1.0,6,700.0,4.67,9.27,23.34,1.87,
PNBGILTS,1152,5.0,3,84.57,4.67,10.04,9.77,2.08,
TVSELECT,1261,5.0,3,576.2,4.67,18.31,48.33,7.94,
TCI,593,5.0,5,1127.9,4.68,7.39,17.55,2.41,
BAJAJ-AUTO,35,5.0,5,8893.5,4.69,19.85,18.08,1.18,
ASIANENE,1177,5.0,3,311.0,4.69,13.89,,4.05,
ABCAPITAL,129,5.0,2,326.05,4.69,21.45,,1.74,
ALIVUS,511,5.0,5,904.0,4.69,,,2.58,
APTUS,442,5.0,6,279.3,4.7,3.03,,2.44,
CIPLA,75,5.0,5,1522.0,4.7,7.76,15.25,1.11,
ADANIGREEN,51,5.0,1,1048.0,4.71,34.78,,2.7,
CONCOR,224,5.0,3,517.95,4.71,27.79,19.48,1.81,
UNITDSPR,105,5.0,4,1427.1,4.71,,,1.54,
CYIENT,474,5.0,2,1132.3,4.72,23.13,20.44,2.22,
SANDHAR,910,5.0,6,520.5,4.72,24.28,,6.19,
NETWORK18,658,5.0,1,45.19,4.73,36.38,29.91,2.97,
VINCOFE,1023,1.0,5,158.76,4.74,,,3.71,
VSSL,966,1.0,2,280.55,4.74,17.2,31.39,2.91,
AFSL,1273,5.0,5,204.75,4.74,43.8,,3.83,
SANOFI,532,5.0,1,4512.8,4.74,19.76,13.55,1.62,
DBCORP,784,5.0,5,258.9,4.75,16.77,32.04,2.35,
MOTILALOFS,179,5.0,3,954.55,4.75,33.27,51.94,2.33,
DMCC,1367,1.0,4,263.75,4.76,8.42,,3.33,
RBA,859,5.0,3,61.77,4.76,9.16,,2.72,
SOBHA,388,5.0,3,1529.1,4.76,25.01,26.81,2.82,
UTTAMSUGAR,1322,1.0,5,228.35,4.77,21.52,21.32,2.6,
BODALCHEM,1360,1.0,4,55.5,4.78,10.24,32.07,2.25,
POLYPLEX,964,5.0,4,867.0,4.78,11.21,32.14,2.14,
GANDHAR,1189,1.0,5,136.05,4.79,12.58,,3.47,
GPTINFRA,1206,1.0,4,101.95,4.79,27.57,15.89,2.08,
HEG,546,5.0,4,508.6,4.81,16.01,60.66,2.67,
MAHLIFE,605,5.0,3,387.45,4.81,23.94,31.71,2.74,
IMAGICAA,954,5.0,2,49.32,4.82,20.09,33.02,3.32,
BRITANNIA,64,5.0,3,5823.0,4.82,10.74,18.55,1.5,
GALAPREC,1306,1.0,4,735.0,4.83,,,2.76,
GILLETTE,281,5.0,3,8294.5,4.83,5.36,8.84,1.85,
KOTHARIPRO,1410,1.0,1,82.79,4.84,18.89,28.01,4.01,
CRAFTSMAN,397,5.0,3,6651.5,4.85,16.36,,2.17,
HATHWAY,1022,5.0,5,13.11,4.85,18.42,55.91,1.37,
KAJARIACER,374,5.0,2,1084.4,4.85,12.92,25.07,2.08,
POWERGRID,33,5.0,5,277.5,4.85,12.05,9.72,1.43,
SUPRAJIT,692,5.0,4,451.65,4.85,14.48,20.81,3.68,
TATACONSUM,84,5.0,3,1183.1,4.86,17.1,24.1,1.78,
AARTIDRUGS,823,5.0,3,443.65,4.86,8.14,34.14,2.53,(Stock Name: AARTI DRUGS LTD.; Sector: Healthcare; Intrinsic: 148.52; Revenue: 2477 cr; Net Profit: 199 cr; Recommended: buy; Projected High: 597.0; Projected Medium: 597.0; Projected Low: 597.0; All time high: 1026.95 => 57.0%; SMA 200: 447.93 => -0.96%; RSI: 32.71; Day Volatility: 2.53; Week Volatility: 8.31; Month Volatility: 18.95; Day Trend: Downtrend; Week Trend: Downtrend; Month Trend: Downtrend; Day Support: 312.0 => 29.67%; Week Support: 312.0 => 29.67%; Month Support: 313.9 => 29.25%; Day NWE: 422.07 => 4.86%; Week NWE: 407.54 => 8.14%; Month NWE: 292.19 => 34.14%)
PRESTIGE,142,5.0,2,1686.9,4.87,24.26,28.22,2.75,
EMBDL,510,5.0,4,80.05,4.88,,,3.07,
TAJGVK,991,5.0,4,400.7,4.88,14.55,16.09,2.05,
TVTODAY,1331,1.0,3,140.24,4.88,20.42,65.11,3.44,
BANDHANBNK,302,5.0,3,148.75,4.9,12.21,,1.6,
NSLNISP,484,5.0,3,41.21,4.9,13.16,,2.16,
UCAL,1448,1.0,1,124.25,4.9,8.05,,3.22,
BIRLACORPN,585,5.0,5,1151.2,4.92,14.74,29.01,1.44,
BPCL,55,5.0,5,364.45,4.92,21.35,30.93,1.99,
IKIO,1162,1.0,3,192.48,4.92,4.99,,2.11,
SNOWMAN,1347,1.0,2,44.73,4.92,,30.47,2.18,
SARDAEN,375,5.0,6,490.05,4.93,8.49,19.87,3.07,
DHANUKA,733,5.0,4,1190.9,4.94,9.13,4.23,3.06,
BIKAJI,365,5.0,3,714.5,4.97,11.08,,1.84,
AARTIPHARM,683,5.0,2,702.25,4.97,3.66,,3.43,(Stock Name: AARTI PHARMALABS LIMITED; Sector: Healthcare; Intrinsic: 225.7; Revenue: 1906 cr; Net Profit: 240 cr; Recommended: none; Projected High: 0; Projected Medium: 0; Projected Low: 0; All time high: 971.0 => 28.0%; SMA 200: 819.21 => -16.66%; RSI: 28.04; Day Volatility: 3.43; Week Volatility: 6.88; Month Volatility: 19.98; Day Trend: Downtrend; Week Trend: Downtrend; Month Trend: Downtrend; Day Support: 557.05 => 20.68%; Week Support: 557.05 => 20.68%; Month Support: 0.0 => 100.0%; Day NWE: 667.37 => 4.97%; Week NWE: 676.53 => 3.66%; Month NWE: 0.0 => 100.0%)
DALBHARAT,235,5.0,4,1997.6,4.97,4.21,,1.8,
HDFCAMC,88,5.0,3,5376.5,4.99,9.76,,1.56,
GRINDWELL,379,5.0,4,1531.4,4.99,18.66,14.83,3.17,
SBFC,489,5.0,4,107.52,4.99,7.26,,2.2,
[Equity NWE - Hit List]
Symbol,Rank,MTF,Quality Score,LTP,Day Gap%,Week Gap%,Month Gap%,Volatility%,Details
ASHOKA,753,5.0,2,178.8,-0.05,20.0,18.07,2.6,
MAITHANALL,952,1.0,4,964.0,-0.07,5.33,17.65,3.4,
KOPRAN,1379,1.0,3,129.79,-0.09,12.7,25.61,4.18,
TVSSCS,751,5.0,2,113.9,-0.19,-1.64,,2.74,
TARSONS,1238,1.0,2,218.3,-0.29,2.65,,5.83,
KCP,1024,5.0,3,179.17,-0.32,11.29,13.63,4.59,
SAREGAMA,643,5.0,4,375.0,-0.51,0.9,1.28,3.06,
DECCANCE,1236,1.0,4,832.8,-0.58,-6.02,19.03,5.55,
MAHESHWARI,1455,1.0,5,51.25,-0.6,3.84,1.74,3.07,
PRAKASH,1011,5.0,3,133.31,-0.75,1.76,21.41,3.7,
RAJOOENG,1194,1.0,5,74.1,-0.91,,,4.01,
WEBELSOLAR,781,1.0,5,111.0,-1.02,20.54,8.17,5.92,
ONESOURCE,354,5.0,0,1629.5,-1.05,,,3.97,
SOTL,993,1.0,5,364.4,-1.45,17.29,16.55,2.24,
KEC,355,5.0,4,700.35,-1.45,11.44,5.1,3.77,
ACI,666,5.0,3,543.1,-1.49,0.99,,3.37,
JSWENERGY,128,5.0,3,488.0,-1.66,14.47,18.75,2.47,
SHARDAMOTR,737,1.0,6,922.8,-1.77,50.38,113.18,3.19,
EKC,1179,1.0,3,123.47,-1.78,16.56,30.84,3.05,
PANACEABIO,1052,1.0,2,346.05,-2.69,10.49,20.96,4.7,
GANECOS,1033,5.0,2,843.1,-2.87,8.01,7.58,5.47,
SMCGLOBAL,1223,1.0,3,58.08,-3.65,8.35,,5.96,
JAIBALAJI,678,5.0,2,71.01,-3.75,36.41,-16.59,6.51,
ORIENTELEC,833,5.0,2,182.45,-4.88,4.9,,3.76,
