Chain,CE_11-25,CE_10-25,CE_09-25,strikePrice,PE_09-25,PE_10-25,PE_11-25
Bid,,,0.85,2800,488.7,,
Ask,,,0.95,2800,498.05,,
Ask,,35.8,1.4,2700,427.1,551.25,
Bid,,0.0,1.25,2700,388.0,273.75,
Ask,,48.4,3.25,2600,301.2,507.4,
Bid,,0.0,3.05,2600,282.65,252.6,
Ask,,126.0,5.55,2550,272.6,463.8,
Bid,,0.0,5.35,2550,249.2,0.0,
Bid,,0.0,9.0,2500,203.3,0.0,
Ask,,64.5,9.15,2500,205.35,269.95,
Ask,,0.0,38.1,2450,195.6,369.95,
Bid,,0.0,8.65,2450,130.35,0.0,
Bid,,0.0,24.45,2400,119.45,0.0,
Ask,,84.75,24.65,2400,122.2,326.1,
Bid,,0.0,39.0,2350,85.2,0.0,
Ask,,0.0,39.5,2350,88.15,0.0,
Bid,0.0,0.0,60.65,2300,57.5,0.0,
Ask,200.0,0.0,61.5,2300,58.15,132.95,
Ask,,0.0,91.4,2250,38.2,,
Bid,,0.0,88.6,2250,37.45,,
Ask,,333.45,128.25,2200,25.3,76.8,
Bid,,0.0,117.45,2200,24.1,0.0,
Bid,,0.0,165.6,2150,16.0,0.0,
Ask,,373.7,169.9,2150,16.4,64.65,
Bid,,178.75,211.35,2100,11.2,0.0,
Ask,,415.6,215.05,2100,12.0,54.05,
Bid,,198.75,212.6,2050,3.65,0.0,
Ask,,455.6,288.15,2050,16.6,43.7,
Bid,,219.95,301.65,2000,5.05,0.0,
Ask,,497.25,315.7,2000,5.55,35.75,
Ask,,,,1950,4.2,,
Bid,,,,1950,3.25,,
Bid,,274.65,368.0,1900,2.6,,
Ask,,585.05,438.5,1900,3.2,,
Ask,,677.65,556.15,1800,2.1,,0.0
Bid,,347.65,466.9,1800,1.85,,0.0
Chain,CE_11-25,CE_10-25,CE_09-25,strikePrice,PE_09-25,PE_10-25,PE_11-25
Bid,,,0.35,1600,251.4,,
Ask,,,0.6,1600,263.25,,
Ask,,,1.0,1560,,,
Bid,,,0.55,1560,,,
Ask,,0.0,1.1,1520,200.65,265.1,
Bid,,0.0,1.0,1520,163.35,135.9,
Ask,,,1.45,1500,159.6,,
Bid,,,1.35,1500,156.1,,
Bid,,0.0,1.85,1480,131.25,110.1,
Ask,,0.0,1.95,1480,145.35,0.0,
Bid,,0.0,2.65,1460,110.1,98.3,
Ask,,0.0,2.75,1460,135.25,0.0,
Ask,,0.0,4.0,1440,105.7,0.0,
Bid,,0.0,3.9,1440,94.9,0.0,
Bid,,0.0,6.05,1420,81.85,0.0,
Ask,,79.35,6.25,1420,84.05,179.75,
Ask,,45.0,9.5,1400,67.75,0.0,
Bid,,0.0,9.35,1400,65.35,0.0,
Ask,,0.0,14.5,1380,57.5,0.0,
Bid,,0.0,14.3,1380,50.9,0.0,
Ask,89.0,0.0,21.55,1360,43.7,0.0,
Bid,0.0,0.0,21.0,1360,38.05,0.0,
Bid,,0.0,30.5,1340,27.9,,
Ask,,94.85,30.6,1340,29.65,,
Ask,,0.0,42.7,1320,19.8,,
Bid,,0.0,41.7,1320,19.55,,
Bid,,0.0,49.8,1300,13.1,30.0,
Ask,,0.0,56.25,1300,13.8,0.0,
Bid,,0.0,67.4,1280,9.0,0.0,0.0
Ask,,169.2,72.8,1280,9.4,32.2,100.0
Bid,,79.75,83.7,1260,6.1,0.0,
Ask,,186.1,94.35,1260,6.45,26.05,
Ask,,0.0,113.3,1240,4.25,,
Bid,,87.45,96.85,1240,4.15,,
Bid,,95.65,116.1,1220,2.5,0.0,
Ask,,223.1,133.1,1220,2.95,33.65,
Bid,,94.75,139.5,1200,2.0,,
Ask,,0.0,165.2,1200,2.1,,
Bid,,119.5,137.35,1180,1.2,,
Ask,,261.4,185.15,1180,2.25,,
Ask,,279.3,204.0,1160,1.1,0.0,
Bid,,132.8,155.95,1160,1.0,2.2,
Bid,,161.7,201.9,1120,0.45,2.4,
Ask,,316.2,243.4,1120,1.0,4.45,
Ask,,,,1040,,,0.0
Bid,,,,1040,,,0.05
Chain,CE_10-25,CE_09-25,strikePrice,PE_09-25,PE_10-25
Bid,,2.5,8900,,
Ask,,6.0,8900,,
Ask,,9.0,8700,950.45,1283.4
Bid,,3.05,8700,846.7,721.0
Ask,,32.3,8650,,
Bid,,1.55,8650,,
Ask,0.0,5.8,8600,850.5,1189.55
Bid,0.0,4.1,8600,739.55,645.15
Bid,0.0,6.3,8500,699.2,572.9
Ask,0.0,7.95,8500,742.6,1097.2
Bid,0.0,5.5,8400,570.6,504.5
Ask,0.0,28.4,8400,673.95,904.65
Ask,0.0,52.7,8300,586.35,805.85
Bid,0.0,8.0,8300,471.3,0.0
Ask,,52.25,8250,541.8,756.4
Bid,,3.0,8250,421.7,0.0
Bid,0.0,24.1,8200,361.75,0.0
Ask,0.0,26.25,8200,469.25,707.0
Bid,0.0,28.7,8150,342.8,0.0
Ask,0.0,37.9,8150,430.0,657.5
Bid,0.0,34.0,8100,300.8,0.0
Ask,0.0,40.45,8100,369.0,598.15
Bid,0.0,37.1,8050,274.2,0.0
Ask,319.65,75.5,8050,368.45,578.9
Bid,0.0,59.05,8000,249.85,0.0
Ask,300.0,59.55,8000,277.35,499.15
Ask,0.0,73.95,7950,264.7,525.3
Bid,0.0,69.0,7950,214.25,0.0
Bid,172.6,78.0,7900,186.0,0.0
Ask,382.1,90.45,7900,203.9,481.15
Ask,0.0,115.0,7850,200.05,512.5
Bid,0.0,102.65,7850,141.3,0.0
Bid,0.0,126.05,7800,135.0,0.0
Ask,0.0,131.0,7800,142.6,0.0
Ask,0.0,159.95,7750,119.7,0.0
Bid,0.0,152.9,7750,116.0,0.0
Bid,0.0,184.3,7700,94.0,158.4
Ask,0.0,188.0,7700,98.45,0.0
Ask,0.0,239.6,7650,81.45,0.0
Bid,0.0,207.05,7650,77.2,0.0
Ask,599.3,270.9,7600,69.05,0.0
Bid,0.0,244.45,7600,60.0,125.2
Ask,0.0,328.9,7550,83.9,0.0
Bid,260.05,244.2,7550,35.2,0.0
Ask,0.0,349.9,7500,44.95,0.0
Bid,296.2,318.8,7500,40.35,0.0
Ask,0.0,408.1,7450,64.7,0.0
Bid,346.1,321.7,7450,0.0,0.0
Bid,395.05,368.9,7400,13.0,0.0
Ask,0.0,452.1,7400,56.0,0.0
Bid,445.0,417.9,7350,0.0,0.0
Ask,0.0,494.6,7350,48.3,0.0
Ask,0.0,515.3,7300,21.6,0.0
Bid,494.4,490.35,7300,17.7,0.0
Bid,543.35,513.55,7250,4.0,
Ask,0.0,596.1,7250,35.4,
Bid,592.75,559.75,7200,11.8,
Ask,0.0,623.1,7200,12.4,
Bid,642.7,608.15,7150,3.0,
Ask,0.0,711.05,7150,54.15,
Bid,691.6,655.2,7100,7.1,
Ask,1010.25,726.25,7100,9.5,
Bid,741.05,709.65,7050,1.8,
Ask,1054.95,772.55,7050,13.75,
Bid,790.45,758.05,7000,5.8,
Ask,1100.3,811.0,7000,7.35,
Bid,,,6950,1.85,
Ask,,,6950,38.2,
Bid,611.95,852.7,6900,2.15,
Ask,1192.65,907.15,6900,5.8,
Ask,1286.8,1016.5,6800,7.8,
Bid,688.7,951.65,6800,2.65,
Bid,,,6750,1.4,
Ask,,,6750,12.6,
Bid,769.35,1046.6,6700,2.8,5.3
Ask,1382.45,1103.4,6700,3.35,45.0
Bid,,,6650,1.05,
Ask,,,6650,0.0,
Ask,1479.15,1204.45,6600,5.0,
Bid,853.65,1146.3,6600,1.45,
Bid,,,6500,1.95,
Ask,,,6500,2.25,
Ask,,,6200,3.15,
Bid,,,6200,0.1,
Chain,CE_11-25,CE_10-25,CE_09-25,strikePrice,PE_09-25,PE_10-25,PE_11-25
Bid,,,1.7,2920,,,
Ask,,,1.75,2920,,,
Ask,,10.2,2.3,2880,321.65,411.55,
Bid,,7.8,2.0,2880,292.5,241.85,
Ask,,27.75,3.4,2840,282.75,291.1,
Bid,,7.45,3.25,2840,257.75,241.35,
Ask,50.0,32.6,5.0,2800,242.9,257.45,
Bid,0.0,7.05,4.95,2800,225.7,203.15,
Bid,,7.5,5.9,2780,196.7,183.5,
Ask,,36.15,6.25,2780,226.45,246.9,
Bid,,9.15,7.15,2760,178.1,163.0,
Ask,,39.95,7.5,2760,207.25,228.65,
Ask,,44.15,9.4,2740,187.8,214.6,
Bid,,11.1,8.95,2740,157.4,143.6,
Ask,,48.45,11.65,2720,170.3,193.05,
Bid,,16.3,11.0,2720,140.0,134.15,
Bid,,19.25,13.9,2700,138.65,127.3,
Ask,,40.1,14.2,2700,143.25,166.1,
Bid,,24.4,16.85,2680,115.35,0.0,
Ask,,57.15,18.85,2680,136.5,162.7,
Bid,,30.65,21.3,2660,108.4,0.0,
Ask,,66.1,21.55,2660,110.4,151.65,
Ask,,68.65,26.5,2640,103.35,129.05,
Bid,,53.95,25.8,2640,84.15,98.7,
Bid,,47.0,31.6,2620,80.1,73.05,
Ask,,68.2,32.8,2620,81.55,117.4,
Bid,70.1,69.3,39.05,2600,67.45,69.95,82.0
Ask,0.0,72.0,39.55,2600,68.5,99.9,0.0
Bid,,69.25,47.8,2580,55.65,68.15,
Ask,,87.0,48.65,2580,57.4,94.05,
Bid,,61.4,57.55,2560,45.85,53.05,
Ask,,102.35,58.2,2560,47.5,86.75,
Bid,,80.05,68.75,2540,38.0,0.0,
Ask,,141.9,69.5,2540,38.55,97.05,
Bid,,101.4,82.0,2520,30.8,35.4,
Ask,,146.45,82.9,2520,31.35,89.05,
Ask,,137.7,96.25,2500,25.15,49.0,
Bid,,119.75,94.6,2500,24.5,41.65,
Bid,,114.45,109.55,2480,19.25,0.0,
Ask,,169.75,111.75,2480,19.8,60.4,
Ask,,193.1,132.4,2460,15.7,60.45,
Bid,,132.7,124.95,2460,13.2,0.0,
Bid,,153.2,137.3,2440,12.1,0.0,
Ask,,208.25,143.95,2440,12.45,59.35,
Bid,,173.95,151.1,2420,9.6,16.25,
Ask,,216.4,169.3,2420,9.85,61.0,
Bid,,194.05,176.6,2400,7.2,17.0,
Ask,,212.2,179.65,2400,7.75,28.9,
Bid,,192.75,194.15,2380,4.8,0.0,
Ask,,248.0,198.6,2380,6.1,45.3,
Bid,,218.5,203.05,2360,4.55,0.0,
Ask,,267.9,222.4,2360,4.85,0.0,
Bid,,232.3,222.8,2340,3.75,0.0,
Ask,,285.25,242.8,2340,3.85,0.0,
Bid,,256.45,240.65,2320,1.65,0.3,
Ask,,300.6,261.35,2320,4.95,0.0,
Bid,,277.75,269.4,2300,2.5,3.2,
Ask,,311.2,274.95,2300,2.7,0.0,
Ask,,330.95,300.6,2280,3.65,0.0,
Bid,,288.75,280.1,2280,0.6,0.3,
Bid,,,,2260,1.3,,
Ask,,,,2260,2.05,,
Bid,,239.05,320.45,2240,0.65,0.3,0.05
Ask,,418.05,337.35,2240,2.0,0.0,0.0
Bid,,,339.35,2220,,,
Ask,,,358.35,2220,,,
Ask,,457.05,377.3,2200,1.05,0.0,
Bid,,273.75,359.35,2200,0.65,1.25,
Bid,,,,2160,0.5,,0.05
Ask,,,,2160,1.85,,0.0
Ask,,,456.45,2120,0.95,,
Bid,,,433.35,2120,0.7,,
Chain,CE_11-25,CE_10-25,CE_09-25,strikePrice,PE_09-25,PE_10-25,PE_11-25
Bid,,,0.1,1400,,,
Ask,,,0.5,1400,,,
Ask,,,0.3,1300,,,
Bid,,,0.2,1300,,,
Ask,0.0,,,1280,,,
Bid,0.1,,,1280,,,
Ask,,,0.2,1260,201.7,,
Bid,,,0.15,1260,198.6,,
Bid,0.1,0.5,0.3,1240,172.3,135.3,
Ask,0.0,3.0,0.4,1240,184.65,218.0,
Bid,,0.8,0.25,1220,152.05,118.35,
Ask,,3.0,0.55,1220,165.1,198.55,
Ask,0.0,3.35,0.5,1200,141.8,142.85,
Bid,5.0,3.1,0.45,1200,140.05,133.65,
Ask,,,0.55,1190,135.2,,
Bid,,,0.4,1190,124.9,,
Bid,0.1,1.1,0.45,1180,113.8,107.75,
Ask,0.0,9.95,0.5,1180,125.55,128.75,
Ask,,10.95,0.7,1170,113.4,119.85,
Bid,,0.1,0.55,1170,110.15,97.85,
Bid,,3.0,0.65,1160,100.6,90.9,
Ask,,8.0,0.8,1160,102.9,107.75,
Bid,,4.55,1.1,1150,90.3,82.25,
Ask,,10.0,1.15,1150,92.6,98.05,
Bid,,5.55,1.45,1140,77.9,78.6,
Ask,,16.1,1.55,1140,82.7,89.3,
Bid,,8.9,1.95,1130,72.6,66.85,
Ask,,12.4,2.05,1130,73.35,81.7,
Bid,,11.9,2.8,1120,61.4,67.15,
Ask,,12.6,2.85,1120,64.15,68.85,
Bid,,13.15,3.85,1110,54.4,52.4,
Ask,,16.0,3.95,1110,55.35,66.05,
Bid,,17.05,5.4,1100,46.15,52.85,
Ask,,17.7,5.5,1100,46.85,53.9,
Bid,,17.35,7.35,1090,38.35,42.1,
Ask,,22.95,7.5,1090,38.95,52.3,
Bid,,24.05,10.1,1080,31.1,36.8,
Ask,,25.1,10.25,1080,31.75,44.55,
Bid,,28.35,13.7,1070,24.9,34.6,
Ask,,29.45,13.9,1070,25.4,35.8,
Bid,,33.5,18.2,1060,19.6,29.8,
Ask,,33.95,18.45,1060,19.95,30.55,
Ask,,39.65,23.8,1050,15.45,26.0,
Bid,,38.55,23.5,1050,15.05,25.35,
Ask,,49.1,30.55,1040,11.75,23.7,
Bid,,39.3,29.75,1040,11.4,19.3,
Bid,,45.2,36.85,1030,8.55,15.5,
Ask,,58.75,37.65,1030,8.85,18.6,
Bid,,54.15,44.45,1020,6.4,14.9,
Ask,,62.5,45.2,1020,6.55,15.7,
Bid,,58.8,52.75,1010,4.85,10.5,
Ask,,67.9,53.45,1010,4.9,14.45,
Bid,,72.05,61.45,1000,3.6,10.3,7.05
Ask,,75.15,62.3,1000,3.65,10.5,30.0
Bid,,73.6,70.5,990,2.6,0.05,
Ask,,90.3,71.2,990,2.7,14.25,
Bid,,81.45,79.7,980,1.95,0.1,0.05
Ask,,100.3,80.75,980,2.05,14.3,0.0
Bid,,89.25,88.5,970,1.5,0.15,
Ask,,110.1,93.4,970,1.6,14.3,
Bid,,102.3,98.65,960,1.15,4.15,0.05
Ask,,111.05,104.05,960,1.25,5.5,0.0
Ask,,121.9,112.8,950,0.95,5.65,
Bid,,111.5,104.1,950,0.85,1.6,
Bid,,119.7,115.9,940,0.65,1.0,
Ask,,134.95,121.8,940,0.8,9.65,
Bid,,129.0,125.4,930,0.2,0.8,
Ask,,144.95,132.45,930,1.3,8.3,
Bid,,138.55,135.35,920,0.45,1.0,
Ask,,148.05,141.95,920,0.95,4.95,
Ask,,210.05,161.7,900,0.35,6.95,
Bid,,124.15,154.2,900,0.3,1.2,
Bid,,142.05,174.65,880,0.2,0.25,
Ask,,229.65,182.25,880,0.9,3.95,
Ask,,249.4,199.0,860,1.0,16.2,
Bid,,160.7,192.95,860,0.0,0.15,
Chain,CE_11-25,CE_10-25,CE_09-25,strikePrice,PE_09-25,PE_10-25,PE_11-25
Bid,64.1,,,10400,,,
Ask,109.3,,,10400,,,
Ask,,129.85,16.95,10200,1113.8,1168.7,
Bid,,0.0,16.0,10200,1036.5,988.15,
Ask,179.95,99.15,26.9,10000,917.5,947.8,
Bid,125.2,96.05,26.25,10000,868.4,886.15,
Ask,,119.4,75.55,9900,865.0,875.55,
Bid,,54.4,24.0,9900,749.4,787.05,
Bid,,66.65,43.05,9800,664.6,685.1,
Ask,,196.95,43.85,9800,742.8,789.55,
Bid,,85.75,55.25,9700,588.15,589.9,
Ask,,227.3,56.25,9700,639.3,776.5,
Ask,,199.0,73.0,9600,538.75,652.75,
Bid,,96.25,72.0,9600,532.9,488.75,
Ask,,214.0,94.5,9500,460.75,570.1,
Bid,,210.0,94.0,9500,453.5,505.65,
Bid,,208.6,120.5,9400,381.55,404.35,
Ask,,313.95,121.75,9400,387.6,564.2,
Ask,,303.0,154.9,9300,328.5,459.5,
Bid,,216.35,154.0,9300,317.9,354.35,
Bid,335.0,325.0,193.2,9200,258.4,318.0,
Ask,0.0,333.0,194.95,9200,261.65,386.45,
Ask,,389.85,242.65,9100,209.0,353.5,
Bid,,306.5,240.9,9100,207.6,231.9,
Ask,0.0,451.05,297.5,9000,163.7,259.95,
Bid,480.0,426.35,295.5,9000,163.0,220.05,
Bid,,398.5,356.6,8900,125.05,0.0,
Ask,,583.35,358.15,8900,126.75,288.25,
Ask,,580.05,429.95,8800,96.45,198.0,0.0
Bid,,505.0,426.85,8800,95.75,168.45,0.0
Bid,,472.8,501.85,8700,72.15,0.0,
Ask,,731.1,506.75,8700,72.9,220.0,
Bid,,556.35,582.15,8600,54.3,0.0,
Ask,,753.95,588.1,8600,55.2,144.0,
Bid,,651.75,668.1,8500,41.0,0.0,
Ask,,881.35,674.95,8500,41.85,175.95,
Bid,,750.6,754.3,8400,30.9,0.0,
Ask,,965.7,773.55,8400,31.95,161.5,
Ask,,1071.05,854.65,8300,24.45,168.0,
Bid,,849.45,849.25,8300,22.65,0.0,
Ask,,1144.9,949.95,8200,20.0,176.15,250.0
Bid,,939.45,922.3,8200,17.0,0.0,0.0
Ask,,1244.75,1071.5,8100,15.7,0.0,
Bid,,1038.3,1016.0,8100,12.5,0.0,
Ask,,1251.55,1167.45,8000,10.3,98.7,75.0
Bid,,1147.9,1100.9,8000,9.4,20.5,0.0
Bid,,1225.6,1195.4,7900,7.55,0.0,
Ask,,1375.3,1273.9,7900,11.0,79.9,
Ask,,1449.25,1369.55,7800,6.5,75.3,
Bid,,1336.8,1290.5,7800,5.15,10.0,
Bid,,1419.25,1401.4,7700,4.3,0.0,
Ask,,1540.05,1469.4,7700,7.15,75.25,
Bid,,1518.1,1487.7,7600,3.05,6.0,
Ask,,1644.3,1566.45,7600,5.0,0.0,
Bid,,,,7500,3.4,,
Ask,,,,7500,3.7,,
Ask,,2148.15,1766.95,7400,10.65,0.0,
Bid,,1288.55,1688.3,7400,1.55,2.05,
Bid,,,1785.3,7300,,,
Ask,,,1865.05,7300,,,
Ask,,,,6800,2.4,,
Bid,,,,6800,1.0,,
Chain,CE_11-25,CE_10-25,CE_09-25,strikePrice,PE_09-25,PE_10-25,PE_11-25
Bid,,,0.1,2200,,,
Ask,,,0.3,2200,,,
Ask,,,0.3,2000,,,
Bid,,,0.1,2000,,,
Ask,,,0.35,1800,,,
Bid,,,0.05,1800,,,
Ask,,,,1300,0.0,,
Bid,,,,1300,0.0,,
Bid,,,0.15,1200,293.25,,
Ask,,,0.2,1200,300.15,,
Bid,,,0.2,1100,193.95,,
Ask,,,0.3,1100,201.55,,
Ask,,2.95,0.6,1040,142.5,138.3,
Bid,,1.6,0.35,1040,134.65,130.8,
Ask,,,,1030,132.3,,
Bid,,,,1030,124.5,,
Bid,,3.35,0.7,1020,115.0,113.9,
Ask,,5.15,0.9,1020,121.7,121.5,
Bid,,,0.9,1010,105.3,,
Ask,,,1.1,1010,112.1,,
Bid,8.3,5.75,1.3,1000,98.55,96.05,
Ask,15.55,5.95,1.4,1000,99.4,102.75,
Bid,,,1.6,990,86.15,,
Ask,,,1.7,990,92.7,,
Bid,,7.3,2.1,980,79.5,77.5,
Ask,,8.8,2.25,980,80.45,84.95,
Ask,,11.9,2.9,970,75.15,78.95,
Bid,,7.65,2.8,970,67.45,68.15,
Bid,,11.95,3.75,960,61.45,62.9,
Ask,,16.9,3.85,960,62.15,72.7,
Ask,,15.65,5.2,950,53.55,61.95,
Bid,,14.7,5.1,950,52.75,55.35,
Bid,,13.1,6.9,940,44.7,47.1,
Ask,,19.35,7.05,940,45.2,56.25,
Ask,,22.95,9.45,930,37.85,49.75,
Bid,,20.4,9.25,930,37.1,41.7,
Bid,,24.95,12.4,920,30.45,37.9,
Ask,,25.5,12.55,920,30.9,41.05,
Ask,,30.75,16.5,910,25.05,35.15,
Bid,,28.4,16.3,910,24.6,30.0,
Ask,,34.6,21.2,900,19.55,29.65,
Bid,,34.05,21.0,900,19.4,27.55,
Ask,,41.75,26.7,890,15.05,29.05,
Bid,,38.85,26.45,890,14.9,19.95,
Ask,,47.25,33.0,880,11.45,24.65,
Bid,,44.15,32.6,880,11.3,17.95,
Ask,,55.75,40.05,870,8.55,17.65,
Bid,,46.75,39.6,870,8.4,14.05,
Bid,,57.55,47.3,860,6.15,12.95,14.25
Ask,,60.1,47.75,860,6.25,14.0,0.0
Bid,,62.0,55.5,850,4.45,8.9,
Ask,,69.2,56.1,850,4.55,11.4,
Ask,,78.9,64.95,840,3.3,10.45,0.0
Bid,,70.1,64.15,840,3.2,8.05,8.3
Bid,,76.85,71.35,830,2.25,4.1,
Ask,,118.2,76.15,830,2.4,12.5,
Bid,,87.1,82.4,820,1.6,5.5,3.55
Ask,,94.1,83.25,820,1.7,5.9,0.0
Bid,,92.45,90.15,810,1.2,0.6,
Ask,,106.55,95.9,810,1.3,8.85,
Bid,,104.75,101.5,800,0.9,3.3,6.5
Ask,,111.4,102.55,800,1.05,3.55,9.0
Bid,,113.5,107.95,790,0.65,1.8,
Ask,,120.35,115.15,790,0.8,2.95,
Bid,,122.75,117.65,780,0.55,1.1,2.75
Ask,,129.1,124.95,780,0.6,2.5,5.85
Bid,,,,770,0.25,,
Ask,,,,770,4.55,,
Bid,,142.35,137.05,760,0.25,0.7,2.0
Ask,,149.15,144.5,760,0.5,1.6,3.9
Ask,,201.5,164.5,740,0.65,8.8,
Bid,,117.6,157.0,740,0.3,0.65,
Bid,,,196.8,700,0.15,,
Ask,,,204.05,700,0.2,,
Bid,,,,600,0.1,,
Ask,,,,600,0.2,,
Bid,,,,400,0.15,,
Ask,,,,400,0.6,,
Ask,,,,300,0.55,,
Bid,,,,300,0.15,,
Bid,,,,200,0.1,,
Ask,,,,200,0.3,,
Ask,,,0.0,100,,,
Bid,,,0.0,100,,,
Chain,CE_11-25,CE_10-25,CE_09-25,strikePrice,PE_09-25,PE_10-25,PE_11-25
Bid,,,,2320,337.5,,
Ask,,,,2320,351.7,,
Ask,,20.95,0.95,2280,310.9,394.65,
Bid,,0.0,0.65,2280,294.6,235.45,
Ask,0.0,19.2,1.05,2240,272.45,276.45,
Bid,0.0,1.55,1.0,2240,255.05,247.25,
Ask,,9.9,1.7,2200,227.15,227.65,
Bid,,3.9,1.5,2200,220.15,207.25,
Bid,,0.0,2.5,2160,176.8,166.65,
Ask,,21.95,2.8,2160,191.9,202.5,
Bid,,0.0,3.0,2140,157.65,146.0,
Ask,,19.9,3.6,2140,173.55,183.15,
Ask,39.9,26.6,5.05,2120,148.05,168.3,
Bid,0.0,0.0,4.5,2120,144.3,126.2,
Ask,,29.9,6.85,2100,130.9,151.35,
Bid,,0.0,6.55,2100,127.35,0.0,
Bid,0.0,25.0,9.1,2080,104.9,112.0,
Ask,59.9,37.7,9.55,2080,118.1,136.95,
Ask,,39.9,13.25,2060,103.4,118.1,
Bid,,22.2,12.85,2060,88.35,88.3,
Bid,,30.3,17.55,2040,78.85,77.7,
Ask,,46.7,17.95,2040,81.5,113.85,
Ask,,62.15,24.1,2020,68.6,103.3,
Bid,,32.8,23.5,2020,65.65,0.0,
Ask,0.0,59.9,31.65,2000,54.9,80.2,0.0
Bid,65.0,56.8,30.0,2000,53.6,0.0,75.0
Bid,,47.0,40.0,1980,42.95,0.0,
Ask,,103.0,40.8,1980,44.15,86.35,
Ask,0.0,0.0,51.4,1960,34.5,82.65,0.0
Bid,77.0,62.65,50.8,1960,33.9,0.0,59.0
Bid,,69.55,60.1,1940,25.9,0.0,
Ask,,100.1,63.55,1940,28.35,70.65,
Bid,0.0,91.2,72.9,1920,20.0,32.1,
Ask,0.0,111.9,77.35,1920,20.55,52.7,
Bid,,87.2,89.0,1900,14.7,0.0,
Ask,,156.1,92.3,1900,15.2,59.65,
Bid,,106.75,103.05,1880,10.9,0.0,
Ask,,154.2,114.15,1880,11.2,38.5,
Ask,,161.3,131.3,1860,8.3,28.8,
Bid,,127.75,119.9,1860,8.0,0.0,
Ask,,176.65,142.95,1840,6.05,24.4,49.9
Bid,,146.0,140.85,1840,5.8,0.0,0.0
Ask,,191.75,167.55,1820,4.35,19.9,
Bid,,165.75,151.15,1820,4.2,0.0,
Ask,,204.9,185.45,1800,3.15,12.5,
Bid,,186.65,175.3,1800,2.9,10.1,
Bid,,199.95,187.5,1780,2.05,2.0,
Ask,,231.7,204.8,1780,2.55,19.9,
Ask,,250.35,221.45,1760,1.7,19.95,
Bid,,218.8,208.65,1760,1.55,1.1,
Bid,,237.95,229.3,1740,1.05,1.0,
Ask,,268.85,244.0,1740,1.95,20.25,
Bid,,257.85,246.75,1720,1.0,1.1,
Ask,,288.85,263.9,1720,1.65,20.5,
Bid,,,268.55,1700,0.85,,
Ask,,,283.55,1700,1.2,,
Ask,,329.35,303.05,1680,1.4,20.85,
Bid,,296.55,288.15,1680,0.35,0.25,
Bid,,250.0,327.75,1640,0.2,0.25,
Ask,,421.5,343.3,1640,1.45,24.0,
Ask,,460.8,382.55,1600,0.95,22.7,
Bid,,286.1,366.15,1600,0.25,0.15,
Chain,CE_11-25,CE_10-25,CE_09-25,strikePrice,PE_09-25,PE_10-25,PE_11-25
Bid,,0.1,0.35,2200,298.05,288.5,
Ask,,4.0,0.4,2200,311.9,305.4,
Ask,30.0,23.6,0.8,2160,272.4,285.45,
Bid,1.9,0.35,0.7,2160,258.7,249.25,
Ask,,16.85,0.95,2120,232.95,238.4,
Bid,,2.35,0.9,2120,219.05,210.6,
Ask,,,1.15,2100,211.45,,
Bid,,,1.1,2100,200.9,,
Bid,,3.1,1.05,2080,179.4,172.75,
Ask,,21.15,1.5,2080,193.6,204.4,
Bid,,0.0,1.35,2060,160.0,149.85,
Ask,,23.65,1.5,2060,173.9,186.1,
Ask,,26.6,2.3,2040,154.3,169.3,
Bid,,0.0,2.15,2040,142.4,131.15,
Ask,,28.65,3.35,2020,134.95,151.65,
Bid,,0.0,3.2,2020,121.75,110.3,
Ask,,20.0,4.9,2000,111.4,123.6,
Bid,,0.0,4.8,2000,110.4,91.6,
Bid,,0.0,7.0,1980,88.05,73.15,
Ask,,36.6,7.15,1980,97.6,119.4,
Ask,,35.0,10.4,1960,76.9,98.8,
Bid,,0.0,10.25,1960,76.3,0.0,
Bid,,0.0,14.8,1940,60.9,0.0,
Ask,,49.4,15.0,1940,61.95,94.25,
Ask,80.0,51.2,21.4,1920,48.05,77.75,
Bid,0.0,37.5,21.15,1920,47.55,0.0,
Ask,,54.45,29.45,1900,36.25,62.3,
Bid,,47.65,29.15,1900,35.7,0.0,
Bid,,0.0,39.2,1880,26.05,0.0,
Ask,,99.65,39.6,1880,26.45,69.0,
Ask,,119.05,51.9,1860,18.65,69.0,
Bid,,0.0,51.3,1860,18.35,0.0,
Ask,,132.9,65.95,1840,12.75,71.45,
Bid,,0.0,65.2,1840,12.55,0.0,
Ask,,136.2,81.85,1820,8.65,61.3,
Bid,,75.2,80.6,1820,8.5,0.0,
Ask,,129.4,98.7,1800,5.75,20.0,
Bid,,95.0,97.8,1800,5.65,0.0,
Bid,,115.4,109.55,1780,3.85,0.0,
Ask,,157.75,121.85,1780,4.0,28.6,
Ask,,177.6,135.6,1760,2.75,28.65,31.0
Bid,,135.15,134.35,1760,2.65,0.0,0.0
Bid,,153.9,146.45,1740,1.6,0.25,
Ask,,194.7,161.3,1740,2.6,28.65,
Bid,,173.05,166.7,1720,1.15,0.4,
Ask,,200.1,180.6,1720,1.5,14.0,
Bid,,195.75,187.15,1700,1.1,1.5,
Ask,,227.8,199.15,1700,1.15,21.7,
Ask,,247.6,219.9,1680,1.1,22.2,0.0
Bid,,213.8,205.65,1680,0.7,0.4,0.05
Bid,,251.95,245.6,1640,0.6,0.25,
Ask,,272.65,259.8,1640,0.95,7.5,
Ask,,379.05,299.2,1600,0.85,7.0,
Bid,,231.25,286.55,1600,0.8,0.15,
Chain,CE_11-25,CE_10-25,CE_09-25,strikePrice,PE_09-25,PE_10-25,PE_11-25
Bid,,0.0,0.25,1840,245.65,234.35,
Ask,,22.85,0.85,1840,257.05,269.25,
Ask,,21.05,0.8,1800,217.15,226.5,
Bid,,1.1,0.5,1800,205.95,198.55,
Ask,,19.55,1.3,1760,179.2,186.3,
Bid,,0.25,1.25,1760,166.2,134.15,
Ask,,23.05,2.05,1740,159.9,169.05,
Bid,,0.05,1.75,1740,146.9,137.5,
Bid,,3.4,2.7,1720,127.9,118.45,
Ask,,23.0,2.95,1720,140.8,150.75,
Bid,,16.0,4.35,1700,111.7,114.25,
Ask,,17.3,4.55,1700,115.3,123.65,
Ask,,32.65,6.85,1680,104.35,168.8,
Bid,,13.7,6.5,1680,93.2,92.25,
Ask,,32.3,9.9,1660,86.1,98.4,
Bid,,13.55,9.4,1660,76.5,74.1,
Ask,,32.3,14.4,1640,71.05,81.35,
Bid,,30.0,14.15,1640,61.95,67.85,
Bid,,28.9,20.1,1620,50.35,53.9,
Ask,,49.65,20.6,1620,57.45,77.2,
Ask,0.0,50.9,28.85,1600,39.35,58.7,
Bid,0.0,47.7,28.55,1600,38.8,47.15,
Ask,,73.2,39.7,1580,29.85,59.55,
Bid,,44.9,38.3,1580,28.3,33.65,
Ask,,81.9,54.5,1560,21.7,38.4,
Bid,,63.3,50.25,1560,21.2,33.55,
Ask,,98.9,64.95,1540,15.15,37.5,
Bid,,65.75,59.1,1540,14.45,21.75,
Bid,,83.95,78.65,1520,10.5,16.45,
Ask,,111.1,81.35,1520,10.7,31.75,
Ask,,118.4,98.3,1500,7.2,16.55,
Bid,,105.3,95.4,1500,6.75,15.3,
Ask,,144.85,118.15,1480,4.85,23.8,
Bid,,114.55,106.05,1480,4.7,6.65,
Ask,,158.8,135.1,1460,3.4,14.2,
Bid,,133.4,124.45,1460,3.2,4.1,
Bid,,151.3,148.2,1440,2.2,1.85,
Ask,,213.95,155.6,1440,2.35,22.9,
Ask,,232.25,173.7,1420,1.55,26.45,
Bid,,170.8,165.0,1420,1.15,2.4,
Bid,,189.3,183.05,1400,1.0,1.1,
Ask,,225.6,192.9,1400,1.3,26.45,
Bid,,,,1380,0.6,,
Ask,,,,1380,2.45,,
Bid,,228.3,221.45,1360,0.35,0.5,
Ask,,262.85,232.85,1360,1.8,24.05,
Ask,,,,1340,1.4,,
Bid,,,,1340,0.3,,
Bid,,265.75,259.9,1320,0.1,0.0,
Ask,,300.95,276.05,1320,3.3,0.0,
Ask,,,,1280,0.7,,
Bid,,,,1280,0.1,,
Chain,CE_11-25,CE_10-25,CE_09-25,strikePrice,PE_09-25,PE_10-25,PE_11-25
Bid,,,0.1,450,57.05,,
Ask,,,0.15,450,58.3,,
Ask,,2.0,0.3,440,48.65,47.9,
Bid,,1.2,0.25,440,47.6,45.6,
Ask,,4.7,0.5,430,38.5,41.6,
Bid,,0.25,0.45,430,37.9,34.45,
Ask,,,0.7,425,34.55,,
Bid,,,0.6,425,31.75,,
Bid,1.15,2.95,0.85,420,28.45,27.15,
Ask,0.0,3.2,0.9,420,28.95,30.2,
Bid,,3.5,1.15,415,23.95,23.1,
Ask,,5.3,1.25,415,24.3,27.4,
Ask,11.0,5.35,1.8,410,20.05,21.45,
Bid,6.0,4.9,1.75,410,19.55,20.55,
Ask,,7.3,2.65,405,15.8,19.25,
Bid,,5.05,2.6,405,15.45,16.05,
Ask,0.0,8.65,4.0,400,12.05,14.75,0.0
Bid,9.1,8.25,3.9,400,11.9,14.0,0.0
Bid,,8.8,5.65,395,8.7,11.3,
Ask,,11.55,5.75,395,9.0,11.95,
Ask,0.0,13.4,8.2,390,6.35,9.5,0.0
Bid,2.0,13.05,8.1,390,6.2,8.9,5.2
Ask,,16.4,11.2,385,4.35,7.45,
Bid,,15.55,11.0,385,4.25,6.85,
Ask,0.0,19.65,14.8,380,2.9,5.7,0.0
Bid,6.0,19.1,14.55,380,2.85,5.25,1.3
Ask,,25.55,18.9,375,2.0,5.4,
Bid,,20.35,18.55,375,1.95,2.9,
Bid,,25.35,22.8,370,1.3,2.95,4.3
Ask,,27.95,23.4,370,1.4,3.2,17.0
Ask,,32.45,27.8,365,0.95,2.5,
Bid,,29.5,27.3,365,0.9,2.2,
Ask,,36.55,32.45,360,0.65,1.95,0.0
Bid,,34.35,32.05,360,0.6,1.75,0.0
Bid,,38.5,36.8,355,0.4,1.25,
Ask,,41.45,37.45,355,0.5,2.2,
Ask,,46.6,42.3,350,0.4,1.9,10.1
Bid,,43.35,41.7,350,0.35,0.8,1.5
Bid,,47.1,45.8,345,0.25,0.15,
Ask,,52.35,49.05,345,0.35,2.75,
Bid,,52.2,50.75,340,0.25,0.15,
Ask,,57.6,54.0,340,0.3,2.75,
Bid,,57.45,55.65,335,0.2,0.15,
Ask,,62.3,58.95,335,0.3,2.75,
Ask,,66.65,63.9,330,0.25,1.9,
Bid,,62.45,60.6,330,0.15,0.15,
Bid,,72.45,71.0,320,0.1,0.25,
Ask,,75.8,72.25,320,0.15,1.5,
Ask,,85.0,82.95,310,0.15,0.9,
Bid,,82.15,80.4,310,0.1,0.1,
Chain,CE_11-25,CE_10-25,CE_09-25,strikePrice,PE_09-25,PE_10-25,PE_11-25
Bid,0.05,,,1520,,,
Ask,0.0,,,1520,,,
Ask,,6.0,0.65,1480,226.4,262.35,
Bid,,0.05,0.4,1480,216.4,215.75,
Ask,0.0,14.85,1.25,1440,186.9,223.3,
Bid,0.05,0.25,0.6,1440,176.9,176.45,
Ask,,11.5,1.15,1420,167.4,180.3,
Bid,,0.05,0.85,1420,158.95,157.25,
Bid,0.05,7.0,1.25,1400,141.4,143.7,
Ask,0.0,10.0,1.4,1400,145.5,0.0,
Bid,,2.0,2.0,1380,120.0,120.75,
Ask,,18.85,2.15,1380,128.9,166.5,
Ask,,12.9,3.2,1360,106.7,147.0,
Bid,,9.15,2.9,1360,104.45,103.25,
Ask,,23.75,5.0,1340,91.65,126.45,
Bid,,6.55,4.75,1340,86.45,86.4,
Bid,,9.45,7.25,1320,67.15,72.25,
Ask,,25.2,7.85,1320,74.85,94.45,
Ask,,27.55,12.45,1300,56.5,78.55,
Bid,,15.9,11.3,1300,54.2,55.85,
Bid,,0.0,19.2,1280,41.6,44.1,
Ask,,39.35,19.75,1280,42.3,69.25,
Ask,,46.7,28.8,1260,34.3,57.05,
Bid,,32.4,28.55,1260,30.95,40.3,
Ask,,58.1,40.65,1240,23.15,0.0,
Bid,,38.8,39.2,1240,22.55,30.65,
Bid,,51.45,49.25,1220,16.2,22.6,
Ask,,80.1,54.1,1220,16.75,48.85,
Bid,,69.6,64.5,1200,11.25,20.3,0.0
Ask,,81.85,69.1,1200,11.55,21.05,0.0
Ask,,102.05,87.35,1180,7.95,24.05,
Bid,,77.5,79.45,1180,7.7,10.0,
Bid,,97.0,97.15,1160,5.0,7.75,0.05
Ask,,118.9,107.3,1160,5.2,20.95,0.0
Ask,,141.45,123.75,1140,3.5,25.3,
Bid,,90.1,115.35,1140,3.15,6.05,
Bid,,129.8,133.6,1120,1.65,3.0,0.05
Ask,,149.15,142.5,1120,2.35,9.0,0.0
Bid,,,152.75,1100,1.3,,
Ask,,,161.7,1100,1.45,,
Bid,,139.2,172.55,1080,0.8,0.25,
Ask,,189.0,182.7,1080,1.0,13.75,
Ask,,,,1060,1.1,,
Bid,,,,1060,0.7,,
Bid,,205.9,211.25,1040,0.65,0.05,0.05
Ask,,227.15,222.35,1040,0.85,12.0,0.0
Ask,,,,1000,0.8,,
Bid,,,,1000,0.35,,
Chain,CE_11-25,CE_10-25,CE_09-25,strikePrice,PE_09-25,PE_10-25,PE_11-25
Bid,,0.0,7.2,7100,700.05,660.2,
Ask,,0.0,8.0,7100,749.2,830.9,
Ask,,141.05,13.0,7000,636.3,711.45,
Bid,,0.0,11.2,7000,616.65,553.05,
Ask,,145.15,19.0,6900,552.2,658.4,
Bid,,0.0,17.15,6900,511.55,452.05,
Ask,,121.25,50.05,6850,525.7,588.65,
Bid,,0.0,12.7,6850,465.6,402.6,
Bid,,0.0,26.75,6800,426.15,353.2,
Ask,,120.25,28.1,6800,462.8,538.25,
Bid,,0.0,23.2,6750,375.8,306.0,
Ask,,119.2,48.3,6750,435.45,487.75,
Ask,,118.2,43.55,6700,374.15,436.6,
Bid,,91.05,42.1,6700,341.0,0.0,
Ask,,160.65,57.35,6650,352.4,430.95,
Bid,,0.0,51.4,6650,298.45,270.4,
Bid,,85.4,62.9,6600,281.35,291.4,
Ask,,159.5,64.75,6600,288.7,366.7,
Bid,,102.85,77.9,6550,226.05,254.25,
Ask,,158.35,80.0,6550,271.35,308.65,
Ask,,198.25,99.95,6500,219.6,305.65,
Bid,,157.4,95.5,6500,201.15,219.5,
Bid,,146.4,114.85,6450,185.15,209.1,
Ask,,220.4,118.9,6450,190.8,277.3,
Bid,,190.1,138.1,6400,160.1,189.45,
Ask,,241.7,140.0,6400,163.1,230.5,
Bid,,228.9,163.6,6350,132.15,165.2,
Ask,,252.6,166.0,6350,139.0,212.95,
Bid,,261.15,191.5,6300,114.85,144.2,
Ask,,281.4,195.0,6300,117.75,176.95,
Ask,,340.45,228.35,6250,99.05,168.85,
Bid,,273.9,222.6,6250,89.1,129.2,
Bid,,324.15,256.15,6200,77.35,120.75,
Ask,,352.35,267.35,6200,82.95,130.9,
Bid,,333.55,291.25,6150,66.05,99.6,
Ask,,422.95,299.8,6150,69.55,137.8,
Ask,,436.5,339.25,6100,58.05,117.9,0.0
Bid,,353.15,328.7,6100,56.2,65.0,0.0
Bid,,410.25,355.0,6050,42.65,72.3,
Ask,,480.4,398.45,6050,48.85,134.25,
Bid,,463.15,411.2,6000,39.85,70.75,0.0
Ask,,509.0,421.1,6000,40.5,79.45,0.0
Bid,,492.75,438.8,5950,28.25,59.9,
Ask,,550.1,486.55,5950,34.25,70.45,
Bid,,515.45,497.2,5900,23.35,53.35,
Ask,,587.85,508.6,5900,28.35,69.95,
Ask,,641.2,575.4,5850,23.9,80.55,
Bid,,580.0,532.85,5850,22.65,42.05,
Bid,,611.4,576.5,5800,19.0,36.1,
Ask,,681.6,623.8,5800,21.4,90.3,
Bid,,619.8,613.7,5750,2.85,0.0,
Ask,,749.75,672.55,5750,31.7,92.4,
Bid,,670.1,672.15,5700,13.1,0.0,
Ask,,796.7,714.95,5700,15.0,92.4,
Bid,,718.65,709.8,5650,8.55,0.0,
Ask,,846.15,763.3,5650,14.1,0.0,
Bid,,581.6,774.9,5600,7.1,,
Ask,,1098.3,789.35,5600,9.8,,
Bid,,621.15,810.15,5550,2.15,,
Ask,,1145.85,856.55,5550,12.65,,
Bid,,661.75,871.9,5500,6.5,,
Ask,,1193.75,884.95,5500,7.2,,
Bid,,,,5450,3.15,,
Ask,,,,5450,7.0,,
Ask,,1290.5,1001.0,5400,7.0,0.0,
Bid,,746.1,962.4,5400,3.7,0.0,
Bid,,,,5350,1.2,,
Ask,,,,5350,6.95,,
Bid,,834.05,1061.8,5300,3.6,0.25,
Ask,,1388.25,1100.25,5300,5.45,0.0,
Bid,,,1149.3,5200,2.35,,
Ask,,,1197.6,5200,2.9,,
Ask,,,1300.75,5100,3.4,,
Bid,,,1249.0,5100,1.5,,
Bid,,,1345.35,5000,,,
Ask,,,1402.0,5000,,,
Ask,,,1756.8,4700,2.65,,
Bid,,,1576.35,4700,0.4,,
Chain,CE_11-25,CE_10-25,CE_09-25,strikePrice,PE_09-25,PE_10-25,PE_11-25
Bid,,,0.65,370,,,
Ask,,,0.7,370,,,
Ask,0.0,5.85,1.35,360,34.1,37.0,
Bid,0.05,5.45,1.25,360,31.55,34.5,
Ask,0.0,8.3,2.5,350,24.35,29.85,
Bid,0.0,8.05,2.45,350,24.1,27.0,
Ask,,10.25,3.45,345,20.65,26.55,
Bid,,9.1,3.4,345,20.05,23.4,
Bid,0.0,11.25,4.65,340,16.35,20.75,
Ask,0.0,12.1,4.7,340,16.6,22.7,
Bid,,12.95,6.35,335,13.15,17.85,
Ask,,14.7,6.45,335,13.6,20.0,
Ask,0.0,16.1,8.6,330,10.55,17.0,
Bid,16.0,15.75,8.45,330,10.3,15.25,
Ask,,19.55,11.3,325,8.15,14.5,
Bid,,17.9,11.1,325,8.0,13.05,
Ask,0.0,21.85,14.35,320,6.25,11.9,0.0
Bid,0.0,20.8,14.15,320,6.1,10.85,0.0
Ask,,25.4,17.95,315,4.7,9.95,
Bid,,23.8,17.4,315,4.6,8.75,
Ask,,28.8,21.85,310,3.55,8.35,
Bid,,26.65,21.15,310,3.5,7.35,
Ask,,32.5,26.05,305,2.75,7.15,
Bid,,28.6,25.65,305,2.65,6.15,
Ask,,35.95,30.7,300,2.2,5.75,15.3
Bid,,33.85,30.0,300,2.1,5.15,1.0
Bid,,37.0,34.35,295,1.55,3.9,
Ask,,40.6,34.9,295,1.65,4.95,
Ask,,43.9,39.45,290,1.25,3.75,
Bid,,42.05,38.8,290,1.15,3.55,
Bid,,,42.15,285,0.9,,
Ask,,,45.4,285,1.0,,
Bid,,50.4,48.3,280,0.7,2.35,
Ask,,52.95,48.95,280,0.8,2.55,
Bid,,,52.2,275,0.5,,
Ask,,,54.5,275,0.65,,
Ask,,63.7,58.8,270,0.5,3.6,
Bid,,58.9,57.95,270,0.4,0.95,
Bid,,,66.55,260,0.3,,
Ask,,,69.4,260,0.35,,
Ask,,,,240,0.2,,
Bid,,,,240,0.15,,
Chain,CE_11-25,CE_10-25,CE_09-25,strikePrice,PE_09-25,PE_10-25,PE_11-25
Bid,,,0.7,3240,,,
Ask,,,1.5,3240,,,
Ask,,0.0,1.8,3200,403.35,510.15,
Bid,,0.05,1.05,3200,384.0,302.65,
Ask,,,3.5,3160,364.35,471.8,
Bid,,,0.85,3160,345.35,270.2,
Ask,,0.0,3.4,3120,325.2,434.0,
Bid,,6.0,1.55,3120,306.0,239.2,
Bid,,,2.05,3100,284.4,,
Ask,,,3.95,3100,305.9,,
Bid,,0.0,2.8,3080,264.25,245.3,
Ask,,0.0,3.15,3080,285.9,378.55,
Ask,,,3.9,3060,,,
Bid,,,3.65,3060,,,
Ask,,0.0,5.3,3040,248.2,339.2,
Bid,,0.0,4.7,3040,226.35,205.75,
Bid,,0.0,4.3,3020,206.1,186.0,
Ask,,0.0,11.3,3020,230.55,319.45,
Bid,,0.0,7.4,3000,190.6,166.2,
Ask,,0.0,9.0,3000,210.3,299.7,
Bid,,0.0,9.45,2980,172.1,144.35,
Ask,,0.0,12.4,2980,192.75,279.9,
Ask,,0.0,15.4,2960,175.3,260.6,
Bid,,0.0,11.7,2960,153.3,0.0,
Bid,,0.0,14.15,2940,135.8,0.0,
Ask,,0.0,17.2,2940,157.85,242.85,
Bid,,0.0,8.8,2920,120.6,0.0,
Ask,,0.0,25.2,2920,148.15,222.4,
Bid,,0.0,22.15,2900,105.75,0.0,
Ask,,120.25,25.2,2900,125.85,208.75,
Ask,,120.25,34.65,2880,114.8,193.55,
Bid,,0.0,27.65,2880,92.7,0.0,
Ask,,120.25,38.0,2860,98.4,175.05,
Bid,,0.0,32.7,2860,78.4,0.0,
Bid,,0.0,37.85,2840,67.2,0.0,
Ask,,120.25,43.6,2840,85.6,154.05,
Ask,,119.8,52.0,2820,65.65,136.0,
Bid,,0.0,48.0,2820,58.6,0.0,
Ask,,110.3,62.0,2800,56.8,90.1,
Bid,,70.95,59.3,2800,50.0,70.4,
Bid,,82.05,69.1,2780,38.8,61.35,
Ask,,135.2,73.0,2780,46.05,79.45,
Ask,,167.75,92.8,2760,40.0,93.15,
Bid,,88.55,78.45,2760,31.85,53.85,
Bid,,111.7,87.05,2740,26.0,46.65,
Ask,,166.85,106.9,2740,32.7,90.0,
Bid,,102.45,97.2,2720,14.7,37.7,
Ask,,184.3,125.15,2720,31.35,74.6,
Ask,,174.65,136.3,2700,21.4,45.0,
Bid,,115.95,120.3,2700,17.6,33.75,
Bid,,125.25,132.65,2680,14.1,0.0,
Ask,,208.95,153.15,2680,18.1,56.8,
Bid,,142.4,147.1,2660,10.35,0.0,
Ask,,228.05,164.35,2660,14.55,57.35,
Bid,,162.15,163.45,2640,8.15,0.0,
Ask,,249.4,187.05,2640,11.8,58.85,
Bid,,184.55,178.85,2620,4.8,0.0,
Ask,,268.65,209.9,2620,14.8,58.35,
Bid,,204.35,201.0,2600,6.15,0.0,
Ask,,278.2,219.4,2600,6.65,58.35,
Bid,,224.1,219.05,2580,4.0,0.0,
Ask,,297.95,242.5,2580,8.85,57.1,
Bid,,241.25,237.05,2560,1.85,,
Ask,,316.55,259.6,2560,6.4,,
Bid,,261.0,256.7,2540,2.0,,
Ask,,336.35,278.95,2540,7.85,,
Ask,,356.1,298.8,2520,7.0,,
Bid,,280.75,276.2,2520,1.5,,
Bid,,,,2500,1.25,,
Ask,,,,2500,3.2,,
Bid,,234.8,315.1,2480,0.7,0.15,
Ask,,443.6,336.0,2480,4.45,0.0,
Bid,,266.7,354.55,2440,0.4,0.15,
Ask,,481.7,375.7,2440,4.35,0.0,
Ask,,520.35,414.4,2400,2.95,0.0,0.0
Bid,,300.35,394.45,2400,0.5,0.15,0.05
Bid,,335.3,433.95,2360,0.3,0.15,
Ask,,559.4,454.3,2360,3.45,0.0,
Ask,,,,2280,1.7,,
Bid,,,,2280,0.25,,
Chain,CE_11-25,CE_10-25,CE_09-25,strikePrice,PE_09-25,PE_10-25,PE_11-25
Bid,,,0.15,1920,,,
Ask,,,0.55,1920,,,
Ask,,4.5,,1760,294.05,,
Bid,,1.2,,1760,281.75,,
Ask,,10.8,0.75,1720,252.05,265.15,
Bid,,1.25,0.35,1720,241.95,247.2,
Ask,,5.1,0.9,1680,213.95,220.4,
Bid,,4.5,0.7,1680,202.95,209.8,
Bid,,,0.7,1660,183.0,,
Ask,,,0.8,1660,193.1,,
Bid,,6.6,1.0,1640,164.9,173.35,
Ask,,9.7,1.1,1640,174.1,186.6,
Ask,,17.5,1.55,1620,154.4,173.4,
Bid,,2.65,1.4,1620,144.55,150.9,
Ask,,12.95,2.5,1600,131.4,149.65,
Bid,,12.55,2.35,1600,130.05,139.9,
Ask,,19.7,3.65,1580,113.25,134.6,
Bid,,12.85,3.55,1580,111.3,120.4,
Bid,,18.9,5.45,1560,88.75,106.25,
Ask,,27.25,5.55,1560,97.7,123.15,
Ask,,30.1,8.6,1540,78.1,108.75,
Bid,,0.0,8.35,1540,76.35,85.4,
Ask,,32.0,13.15,1520,62.15,87.45,
Bid,,30.7,12.9,1520,61.55,81.1,
Ask,,40.8,19.5,1500,49.45,73.8,
Bid,,37.7,19.3,1500,48.0,68.75,
Ask,,51.4,27.6,1480,36.7,70.95,
Bid,,44.8,27.1,1480,36.05,52.95,
Bid,,54.95,37.25,1460,26.55,48.7,
Ask,,59.2,37.65,1460,26.95,51.1,
Ask,,73.15,49.9,1440,19.15,43.0,
Bid,,60.65,49.45,1440,18.9,39.75,
Ask,,93.2,64.0,1420,13.4,41.45,
Bid,,72.2,63.45,1420,13.1,28.55,
Ask,,96.95,79.75,1400,9.1,27.2,0.0
Bid,,88.2,78.8,1400,8.9,26.2,0.0
Bid,,99.6,95.5,1380,5.9,19.65,
Ask,,113.45,97.65,1380,6.05,22.8,
Ask,,129.0,115.5,1360,4.05,19.35,
Bid,,113.9,112.05,1360,3.85,15.35,
Bid,,124.2,127.95,1340,2.55,3.6,
Ask,,153.35,138.8,1340,2.65,24.05,
Bid,,144.55,146.05,1320,1.5,3.6,2.5
Ask,,172.1,157.8,1320,1.75,22.4,0.0
Bid,,167.05,170.2,1300,1.15,7.0,
Ask,,180.3,172.05,1300,1.3,9.9,
Ask,,200.5,196.85,1280,1.0,13.3,
Bid,,182.5,184.8,1280,0.65,1.55,
Bid,,219.45,224.1,1240,0.2,0.3,
Ask,,237.75,235.6,1240,1.25,7.0,
Ask,,272.6,276.0,1200,0.9,4.0,
Bid,,259.3,265.7,1200,0.4,1.05,
Chain,CE_11-25,CE_10-25,CE_09-25,strikePrice,PE_09-25,PE_10-25,PE_11-25
Bid,,,0.2,1160,,,
Ask,,,0.25,1160,,,
Ask,,,0.35,1140,,,
Bid,,,0.2,1140,,,
Ask,9.0,1.35,0.4,1120,,,
Bid,1.6,1.15,0.3,1120,,,
Ask,,1.5,0.4,1100,143.05,141.15,
Bid,,1.35,0.35,1100,139.6,133.8,
Bid,,,0.35,1090,,,
Ask,,,0.45,1090,,,
Bid,1.25,1.5,0.4,1080,118.55,115.15,
Ask,0.0,6.9,0.45,1080,125.8,126.8,
Ask,,,0.55,1070,,,
Bid,,,0.45,1070,,,
Ask,0.0,3.2,0.65,1060,106.3,104.65,
Bid,0.1,2.5,0.6,1060,98.9,95.5,
Bid,,3.5,0.75,1050,91.75,87.2,
Ask,,3.6,0.8,1050,93.35,93.05,
Bid,0.1,2.3,0.95,1040,82.15,76.9,
Ask,0.0,9.05,1.0,1040,83.3,89.4,
Ask,,9.15,1.35,1030,73.6,79.2,
Bid,,1.05,1.25,1030,72.9,65.5,
Ask,0.0,7.05,1.85,1020,64.15,66.85,
Bid,1.1,6.7,1.75,1020,63.4,59.55,
Ask,,10.85,2.5,1010,54.8,61.05,
Bid,,6.85,2.45,1010,54.25,51.05,
Ask,0.0,11.05,3.6,1000,46.15,49.9,
Bid,5.55,10.65,3.55,1000,45.4,47.4,
Ask,,14.65,5.05,990,38.0,45.3,
Bid,,10.0,5.0,990,37.05,36.35,
Bid,,16.45,7.15,980,29.4,33.0,
Ask,,18.45,7.3,980,29.9,36.7,
Bid,,20.3,10.2,970,22.55,26.2,
Ask,,21.45,10.35,970,22.9,31.25,
Bid,23.0,24.85,14.3,960,16.75,22.9,0.0
Ask,0.0,26.15,14.45,960,17.05,24.0,0.0
Bid,,30.2,19.5,950,12.05,18.35,
Ask,,30.95,19.75,950,12.35,19.15,
Bid,,34.15,25.85,940,8.5,14.2,11.4
Ask,,37.0,26.15,940,8.7,15.0,0.0
Bid,,39.25,33.0,930,5.9,11.1,
Ask,,47.95,33.6,930,6.05,11.8,
Ask,,55.2,41.6,920,4.15,9.25,0.0
Bid,,46.45,41.0,920,4.05,8.55,4.2
Ask,,62.25,50.5,910,2.9,8.2,
Bid,,54.1,48.8,910,2.8,5.35,
Ask,,67.55,59.5,900,2.0,5.45,15.1
Bid,,65.2,58.65,900,1.9,5.1,6.5
Bid,,70.15,67.15,890,1.3,2.3,
Ask,,82.35,69.2,890,1.4,8.7,
Ask,,88.95,79.6,880,1.0,3.95,0.0
Bid,,81.15,75.6,880,0.95,2.55,3.3
Bid,,87.6,85.55,870,0.65,0.05,
Ask,,102.75,91.15,870,0.75,8.4,
Bid,,98.4,95.0,860,0.55,1.1,1.3
Ask,,107.95,100.95,860,0.6,4.0,0.0
Bid,,109.2,105.15,850,0.45,0.8,
Ask,,116.2,110.65,850,0.6,2.5,
Ask,,127.45,120.5,840,0.45,3.0,0.0
Bid,,118.25,116.1,840,0.35,0.55,1.0
Bid,,137.55,134.7,820,0.15,0.1,
Ask,,148.9,140.4,820,0.55,4.7,
Ask,,206.85,160.8,800,0.65,3.1,2.0
Bid,,120.15,154.6,800,0.05,0.0,0.7
Chain,CE_11-25,CE_10-25,CE_09-25,strikePrice,PE_09-25,PE_10-25,PE_11-25
Bid,,,0.2,920,,,
Ask,,,0.55,920,,,
Ask,,7.25,0.7,900,122.65,123.3,
Bid,,1.1,0.6,900,116.25,111.7,
Ask,,4.55,0.95,880,103.0,101.3,
Bid,,0.25,0.85,880,96.65,91.95,
Ask,,,1.15,870,,,
Bid,,,1.1,870,,,
Bid,,0.2,1.55,860,77.55,72.25,
Ask,,6.75,1.6,860,84.1,83.9,
Bid,,6.45,2.15,850,69.25,63.5,
Ask,,8.0,2.2,850,70.65,74.55,
Ask,,15.15,3.0,840,62.25,72.05,
Bid,,3.95,2.9,840,59.9,55.8,
Ask,,17.05,4.2,830,55.25,64.05,
Bid,,5.3,4.05,830,51.3,47.2,
Ask,,15.0,5.85,820,44.45,52.35,
Bid,,8.4,5.7,820,43.55,41.4,
Bid,,11.25,7.9,810,35.8,34.6,
Ask,,23.65,8.1,810,36.6,49.15,
Ask,,22.0,10.9,800,29.55,39.3,
Bid,,20.65,10.7,800,29.0,31.3,
Ask,,34.85,14.5,790,23.1,40.45,
Bid,,19.05,14.15,790,22.65,25.3,
Ask,,32.5,19.0,780,17.65,27.25,40.0
Bid,,29.05,18.75,780,17.2,24.0,0.0
Ask,,47.2,24.6,770,13.05,29.0,
Bid,,27.65,23.9,770,12.7,16.45,
Bid,,37.15,30.35,760,9.15,15.15,8.0
Ask,,46.2,30.85,760,9.45,18.1,0.0
Ask,,51.4,38.1,750,6.6,14.3,
Bid,,41.85,37.45,750,6.35,10.0,
Ask,,61.55,46.2,740,4.55,14.45,
Bid,,45.15,45.45,740,4.4,7.5,
Bid,,51.2,50.9,730,2.95,0.2,
Ask,,73.5,56.35,730,3.05,17.5,
Ask,,83.9,65.3,720,2.05,17.25,
Bid,,61.15,58.9,720,1.9,0.2,
Bid,,71.05,69.05,710,1.4,0.25,
Ask,,93.55,74.6,710,1.55,17.5,
Bid,,83.3,81.5,700,0.65,2.05,
Ask,,90.9,84.0,700,1.1,5.0,
Bid,,90.7,88.05,690,0.65,0.15,
Ask,,103.0,93.85,690,0.75,7.7,
Ask,,113.7,103.65,680,0.7,7.75,
Bid,,101.1,97.85,680,0.4,0.15,
Bid,,120.6,117.5,660,0.2,0.15,
Ask,,133.6,123.25,660,0.6,7.75,
Ask,,,,620,0.4,,
Bid,,,,620,0.2,,
Chain,CE_11-25,CE_10-25,CE_09-25,strikePrice,PE_09-25,PE_10-25,PE_11-25
Bid,,0.0,8.25,6000,666.7,663.5,
Ask,,40.0,8.7,6000,714.5,759.25,
Ask,,90.75,12.95,5900,613.4,699.35,
Bid,,39.15,12.4,5900,580.15,572.55,
Ask,,120.35,19.45,5800,509.75,639.8,
Bid,,0.0,19.0,5800,499.65,472.75,
Ask,,120.45,48.6,5750,489.7,585.05,
Bid,,0.0,17.0,5750,430.95,423.3,
Bid,,0.0,29.05,5700,390.6,371.55,
Ask,,110.0,29.8,5700,434.95,528.4,
Bid,,0.0,36.15,5650,348.55,321.5,
Ask,,135.45,37.45,5650,391.5,508.9,
Ask,,117.0,46.35,5600,338.95,436.55,
Bid,,0.0,45.6,5600,329.7,275.0,
Ask,,202.3,57.35,5550,311.65,447.15,
Bid,,0.0,55.9,5550,273.55,225.6,
Bid,,0.0,69.05,5500,254.8,203.05,
Ask,,203.4,70.7,5500,262.25,426.8,
Bid,,0.0,84.6,5450,202.9,208.75,
Ask,,208.85,86.0,5450,242.3,376.5,
Bid,,142.35,102.2,5400,190.8,223.8,210.0
Ask,,167.95,103.55,5400,194.3,282.8,0.0
Ask,,194.0,124.6,5350,173.3,254.05,
Bid,,141.05,122.9,5350,161.85,170.9,
Bid,,162.35,146.25,5300,135.35,175.5,0.0
Ask,,215.9,147.9,5300,138.55,257.45,0.0
Bid,,0.0,171.9,5250,112.5,0.0,
Ask,,299.55,174.75,5250,114.95,269.45,
Bid,,186.55,200.85,5200,92.0,100.5,0.0
Ask,,280.9,203.8,5200,94.4,198.45,0.0
Bid,,0.0,223.95,5150,74.65,94.05,
Ask,,377.4,236.95,5150,76.6,219.4,
Bid,,264.1,266.75,5100,60.2,98.6,0.0
Ask,,348.6,271.9,5100,61.95,120.0,0.0
Bid,,304.3,291.6,5050,48.5,73.35,
Ask,,418.9,324.9,5050,49.9,151.7,
Ask,,400.35,349.65,5000,40.0,93.05,0.0
Bid,,354.05,339.15,5000,38.35,74.7,89.0
Bid,,335.45,381.8,4950,30.05,0.0,
Ask,,477.4,393.85,4950,38.25,104.35,
Ask,,515.35,435.0,4900,27.2,104.5,
Bid,,380.9,428.05,4900,23.6,35.0,
Bid,,422.35,459.3,4850,17.05,0.0,
Ask,,562.25,502.25,4850,20.4,114.85,
Bid,,471.95,517.7,4800,14.05,0.0,
Ask,,614.2,529.0,4800,15.3,103.9,
Bid,,520.7,555.2,4750,11.05,0.0,
Ask,,662.15,594.4,4750,14.95,97.0,
Bid,,573.35,605.2,4700,8.0,,
Ask,,714.25,620.95,4700,10.15,,
Bid,,622.8,647.1,4650,5.15,,
Ask,,763.75,688.5,4650,9.0,,
Bid,,669.45,704.1,4600,4.15,,
Ask,,815.4,717.15,4600,5.8,,
Bid,,,,4550,4.8,,
Ask,,,,4550,6.75,,
Bid,,628.25,803.0,4500,4.05,0.0,
Ask,,1125.05,818.35,4500,4.2,0.0,
Ask,,,896.6,4450,5.7,,
Bid,,,845.45,4450,2.75,,
Bid,,713.75,890.4,4400,3.1,0.25,
Ask,,1222.15,934.05,4400,3.7,0.0,
Bid,,,,4350,2.0,,
Ask,,,,4350,3.95,,
Bid,,,985.55,4300,1.15,,
Ask,,,1026.1,4300,2.95,,
Ask,,,1129.4,4200,,,
Bid,,,1084.25,4200,,,
Bid,,,,4100,1.05,,
Ask,,,,4100,2.95,,
Ask,,,1326.85,4000,1.95,,
Bid,,,1283.95,4000,1.55,,
Chain,CE_11-25,CE_10-25,CE_09-25,strikePrice,PE_09-25,PE_10-25,PE_11-25
Bid,,5.5,1.5,820,75.1,72.95,
Ask,,6.0,1.55,820,75.75,79.35,
Ask,0.0,10.0,3.35,800,57.55,63.0,
Bid,10.5,8.1,3.25,800,57.0,0.0,
Ask,,,4.7,790,49.05,,
Bid,,,4.6,790,48.45,,
Ask,,17.0,6.55,780,40.95,49.6,
Bid,,12.05,6.45,780,40.4,0.0,
Bid,,11.85,9.0,770,31.65,0.0,
Ask,,23.3,9.2,770,33.55,46.7,
Bid,0.0,16.7,12.35,760,25.95,0.0,
Ask,0.0,23.9,12.55,760,26.9,37.3,
Ask,,28.2,16.8,750,21.1,34.1,
Bid,,25.45,16.55,750,20.7,0.0,
Ask,0.0,31.5,21.75,740,16.1,25.75,
Bid,33.0,30.6,21.5,740,15.9,0.0,
Bid,,30.75,27.25,730,11.85,0.0,
Ask,,43.15,27.5,730,12.05,26.05,
Ask,0.0,48.7,34.15,720,8.8,22.6,0.0
Bid,0.0,37.15,34.0,720,8.7,0.0,0.0
Bid,,44.2,41.5,710,6.25,0.0,
Ask,,56.35,41.95,710,6.4,19.25,
Ask,,57.9,50.0,700,4.6,9.2,35.0
Bid,,55.0,49.7,700,4.55,8.3,0.0
Ask,,69.5,58.85,690,3.3,8.8,
Bid,,58.55,58.4,690,3.2,5.25,
Bid,0.0,69.8,67.3,680,2.35,5.0,0.0
Ask,0.0,77.95,67.95,680,2.45,7.2,0.0
Bid,,79.0,76.7,670,1.7,3.05,
Ask,,88.45,77.25,670,1.75,9.15,
Ask,,95.05,86.8,660,1.3,4.4,0.0
Bid,,88.9,83.6,660,1.2,3.2,0.05
Bid,,97.15,95.35,650,0.9,2.6,
Ask,,103.95,96.45,650,1.0,4.0,
Ask,,116.6,108.0,640,0.75,5.85,6.05
Bid,,106.0,103.05,640,0.7,0.4,2.4
Bid,,,114.9,630,0.55,,
Ask,,,116.05,630,0.6,,
Bid,,124.75,122.25,620,0.45,0.2,
Ask,,136.25,127.7,620,0.55,5.95,
Bid,,,,610,0.35,,
Ask,,,,610,0.5,,
Ask,,150.75,146.95,600,0.4,1.5,
Bid,,145.4,142.9,600,0.3,0.35,
Bid,,,,580,0.25,,
Ask,,,,580,0.3,,
Ask,,,,560,0.2,,
Bid,,,,560,0.15,,
Chain,CE_11-25,CE_10-25,CE_09-25,strikePrice,PE_09-25,PE_10-25,PE_11-25
Bid,,2.2,3.35,3040,357.45,258.95,
Ask,,32.1,3.45,3040,376.3,436.45,
Ask,,12.0,5.25,3000,338.15,331.05,
Bid,,9.15,4.9,3000,320.8,309.95,
Ask,,28.8,7.85,2960,299.8,307.65,
Bid,,5.05,7.05,2960,281.35,269.6,
Ask,,,9.1,2940,,,
Bid,,,8.45,2940,,,
Bid,,15.65,9.6,2920,241.35,233.55,
Ask,,19.25,10.5,2920,265.55,261.4,
Bid,,17.1,12.0,2900,226.85,221.7,
Ask,,37.5,12.35,2900,246.15,256.85,
Ask,,26.6,13.95,2880,229.25,225.55,
Bid,,22.35,13.6,2880,206.8,200.8,
Ask,,34.75,16.15,2860,210.05,212.2,
Bid,,21.9,15.55,2860,189.25,180.95,
Ask,0.0,37.7,18.85,2840,192.4,197.05,
Bid,0.0,27.05,18.05,2840,171.45,168.7,
Bid,,19.8,20.95,2820,162.3,150.05,
Ask,,40.8,21.5,2820,169.1,180.15,
Bid,,38.55,24.25,2800,143.05,142.6,
Ask,,42.05,24.5,2800,150.15,161.05,
Bid,,39.6,27.45,2780,122.95,125.05,
Ask,,50.7,31.9,2780,134.6,149.4,
Bid,,43.8,31.45,2760,105.6,110.9,
Ask,,57.95,32.15,2760,122.45,135.05,
Bid,,55.65,36.05,2740,99.6,97.8,
Ask,,62.8,37.05,2740,103.3,119.05,
Bid,,62.15,41.9,2720,83.5,84.6,
Ask,,70.45,42.75,2720,90.1,112.05,
Bid,,75.8,48.6,2700,70.45,83.85,
Ask,,78.6,49.0,2700,75.15,90.65,
Bid,,71.45,56.6,2680,60.85,69.55,
Ask,,88.8,57.85,2680,62.55,84.4,
Bid,,83.55,66.1,2660,49.5,58.9,
Ask,,99.5,67.25,2660,52.5,71.0,
Bid,,100.05,76.45,2640,37.65,55.4,
Ask,,110.4,78.15,2640,42.7,69.55,
Bid,,109.3,88.25,2620,28.9,42.9,
Ask,,129.5,98.7,2620,34.75,57.8,
Bid,,118.15,102.45,2600,26.8,42.3,
Ask,,135.0,107.5,2600,28.0,43.85,
Ask,,154.7,121.75,2580,22.3,42.45,
Bid,,127.8,115.4,2580,19.8,19.15,
Bid,,147.55,129.35,2560,15.9,28.75,
Ask,,174.45,134.7,2560,17.35,42.5,
Bid,,157.55,136.15,2540,12.6,21.15,
Ask,,188.55,154.9,2540,13.65,36.55,
Bid,,168.75,160.6,2520,10.15,20.4,0.0
Ask,,199.8,166.05,2520,10.65,26.6,45.0
Bid,,198.95,179.3,2500,7.75,17.75,
Ask,,214.8,189.55,2500,8.35,19.45,
Bid,,193.8,190.85,2480,6.0,0.0,
Ask,,246.35,210.05,2480,6.55,30.95,
Bid,,216.55,214.65,2460,4.6,0.6,
Ask,,258.3,227.0,2460,5.05,28.85,
Bid,,241.1,233.85,2440,3.0,7.5,
Ask,,265.9,241.95,2440,4.05,12.5,
Bid,,259.45,246.2,2420,2.5,1.65,
Ask,,291.05,266.25,2420,4.0,22.0,
Ask,,401.1,283.65,2400,2.5,10.5,0.0
Bid,,220.1,266.05,2400,2.2,3.1,2.1
Bid,,,286.1,2380,1.3,,
Ask,,,305.65,2380,2.2,,
Bid,,253.35,303.6,2360,1.0,0.25,
Ask,,439.65,327.05,2360,2.45,27.6,
Bid,,288.2,345.2,2320,0.8,0.25,
Ask,,478.7,365.65,2320,1.8,0.0,
Ask,,,381.6,2300,1.35,,
Bid,,,364.75,2300,1.25,,
Bid,,324.5,384.55,2280,0.4,0.25,
Ask,,518.0,405.3,2280,1.75,23.1,
Ask,,,483.7,2200,0.85,,
Bid,,,460.8,2200,0.65,,
Chain,CE_11-25,CE_10-25,CE_09-25,strikePrice,PE_09-25,PE_10-25,PE_11-25
Bid,,,0.2,1700,290.3,,
Ask,,,0.35,1700,299.0,,
Ask,,,0.5,1680,,,
Bid,,,0.1,1680,,,
Ask,,1.0,0.6,1640,238.55,278.6,
Bid,,0.3,0.1,1640,230.55,186.5,
Ask,,22.75,0.55,1620,218.8,258.85,
Bid,,0.1,0.15,1620,210.7,168.15,
Bid,3.0,0.8,0.3,1600,191.0,175.95,
Ask,0.0,1.75,0.4,1600,198.8,196.05,
Bid,,0.85,0.25,1580,170.05,132.95,
Ask,,0.0,0.6,1580,179.0,219.75,
Ask,0.0,27.1,0.45,1560,159.15,200.5,
Bid,0.05,1.0,0.3,1560,150.05,116.3,
Ask,,,0.4,1550,149.3,,
Bid,,,0.35,1550,141.0,,
Bid,0.05,0.75,0.4,1540,131.35,124.1,
Ask,0.0,9.05,0.5,1540,139.45,141.55,
Bid,,1.05,0.45,1530,121.55,113.3,
Ask,,11.35,0.5,1530,129.6,132.65,
Bid,,3.65,0.7,1520,111.85,105.2,
Ask,,5.0,0.75,1520,119.9,116.05,
Bid,,4.4,0.8,1510,102.05,96.85,
Ask,,11.6,0.9,1510,110.15,114.0,
Ask,0.0,7.2,1.3,1500,96.6,97.1,
Bid,0.0,6.75,1.25,1500,91.45,92.65,
Bid,,5.25,1.55,1490,81.8,79.65,
Ask,,15.7,1.65,1490,87.0,93.5,
Bid,,9.05,2.05,1480,75.65,71.7,
Ask,,10.85,2.1,1480,77.25,84.4,
Ask,,12.95,2.9,1470,68.05,76.35,
Bid,,11.85,2.75,1470,65.25,65.5,
Ask,,15.1,3.95,1460,59.25,72.25,
Bid,,14.4,3.85,1460,58.5,58.65,
Ask,,22.45,5.45,1450,50.7,56.85,
Bid,,17.3,5.35,1450,50.05,50.8,
Ask,,24.95,7.65,1440,42.8,50.3,
Bid,,20.7,7.45,1440,39.6,48.35,
Ask,,26.4,10.4,1430,35.7,46.65,
Bid,,20.45,10.15,1430,35.05,40.75,
Ask,,29.8,13.8,1420,29.25,38.8,
Bid,,28.95,13.75,1420,28.7,37.1,
Ask,,36.1,18.15,1410,23.55,34.4,
Bid,,33.8,17.85,1410,23.2,31.5,
Ask,,40.1,23.1,1400,18.6,29.15,43.0
Bid,,39.1,22.95,1400,18.25,28.1,30.5
Bid,,41.5,28.75,1390,14.3,24.55,
Ask,,49.8,29.25,1390,14.45,25.1,
Bid,,47.8,35.45,1380,10.85,20.5,0.0
Ask,,55.25,35.9,1380,11.2,21.3,36.0
Ask,,65.0,44.1,1370,8.5,18.65,
Bid,,51.55,42.6,1370,8.25,15.65,
Bid,,64.85,50.55,1360,6.3,14.05,
Ask,,67.2,51.25,1360,6.4,15.45,
Bid,,67.8,58.8,1350,4.75,12.35,
Ask,,79.8,60.7,1350,4.85,12.75,
Bid,,74.4,67.5,1340,3.55,8.6,
Ask,,87.45,69.3,1340,3.6,12.8,
Bid,,77.35,76.65,1330,2.6,2.25,
Ask,,101.8,77.45,1330,2.8,17.3,
Bid,,94.55,85.75,1320,2.05,1.3,
Ask,,102.8,89.3,1320,2.15,16.1,
Bid,,95.6,91.15,1310,1.55,0.75,
Ask,,120.75,100.5,1310,1.7,16.65,
Bid,,111.2,104.8,1300,1.25,4.45,4.35
Ask,,120.3,106.35,1300,1.3,5.7,0.0
Bid,,114.8,109.05,1290,0.8,0.15,
Ask,,136.5,119.05,1290,1.05,12.1,
Ask,,146.0,129.35,1280,0.95,12.15,0.0
Bid,,126.65,119.85,1280,0.7,0.15,0.05
Bid,,135.35,129.8,1270,0.5,0.05,
Ask,,154.35,139.25,1270,1.35,8.8,
Bid,,144.9,139.65,1260,0.55,0.15,
Ask,,157.7,148.95,1260,0.7,4.0,
Bid,,124.35,159.45,1240,0.4,0.15,0.05
Ask,,214.15,168.0,1240,0.9,5.95,0.0
Ask,,233.7,188.35,1220,0.9,12.85,
Bid,,141.9,178.05,1220,0.25,0.15,
Bid,,160.15,200.05,1200,0.35,0.15,0.05
Ask,,253.35,207.9,1200,0.5,21.35,0.0
Ask,,273.15,228.7,1180,1.2,0.0,
Bid,,178.85,217.8,1180,0.05,0.1,
Chain,CE_11-25,CE_10-25,CE_09-25,strikePrice,PE_09-25,PE_10-25,PE_11-25
Bid,,,0.1,960,184.25,,
Ask,,,0.4,960,189.35,,
Ask,,,,950,180.3,,
Bid,,,,950,174.35,,
Ask,,,0.5,930,,,
Bid,,,0.15,930,,,
Ask,,,0.55,920,150.3,,
Bid,,,0.4,920,145.0,,
Bid,,,0.3,910,,,
Ask,,,0.85,910,,,
Bid,,,0.65,900,127.25,,
Ask,,,0.75,900,128.75,,
Ask,,,,890,120.65,,
Bid,,,,890,115.3,,
Ask,,40.2,1.1,880,110.95,145.0,
Bid,,1.05,0.75,880,105.45,100.35,
Bid,,,,870,95.5,,
Ask,,,,870,101.85,,
Bid,,0.0,1.4,860,86.55,0.0,
Ask,,0.0,1.5,860,92.05,131.4,
Ask,,,1.85,850,80.7,,
Bid,,,1.8,850,78.95,,
Ask,,47.5,2.55,840,71.4,114.2,
Bid,,0.0,2.4,840,69.85,0.0,
Ask,,47.5,3.3,830,63.55,104.45,
Bid,,0.0,3.2,830,59.4,0.0,
Ask,,47.45,4.55,820,52.8,94.4,
Bid,,0.0,4.45,820,51.8,0.0,
Ask,,46.65,6.25,810,46.9,83.75,
Bid,,0.0,6.1,810,41.4,0.0,
Bid,0.0,0.0,8.4,800,36.25,0.0,
Ask,81.0,44.75,8.5,800,37.2,66.0,
Bid,,0.0,11.45,790,29.35,0.0,
Ask,,55.9,11.55,790,30.65,67.5,
Bid,,0.0,15.25,780,23.45,0.0,
Ask,,66.65,15.4,780,23.75,68.35,
Bid,,0.0,20.05,770,18.15,0.0,
Ask,,74.2,20.15,770,18.5,0.0,
Bid,,0.0,25.4,760,13.95,0.0,
Ask,,86.4,25.75,760,14.0,68.35,
Bid,,0.0,31.9,750,10.45,0.0,
Ask,,93.8,32.4,750,10.55,68.35,
Ask,,0.0,39.75,740,8.0,66.95,
Bid,,33.85,39.15,740,7.7,0.0,
Ask,,101.75,47.7,730,5.95,59.5,
Bid,,43.5,46.9,730,5.65,0.0,
Ask,,97.6,56.05,720,4.2,40.0,
Bid,,53.4,55.1,720,4.1,0.0,
Bid,,62.3,64.25,710,3.05,0.0,
Ask,,110.15,64.95,710,3.1,42.65,
Ask,,117.35,74.15,700,2.4,40.0,
Bid,,76.15,72.85,700,2.3,0.0,
Bid,,82.15,81.9,690,1.7,0.0,
Ask,,129.95,83.55,690,1.85,42.7,
Bid,,92.2,91.4,680,1.3,0.0,
Ask,,138.25,93.05,680,1.45,42.75,
Bid,,102.1,99.7,670,1.05,0.0,
Ask,,148.1,105.4,670,1.25,0.0,
Ask,,157.15,115.35,660,0.95,38.0,
Bid,,113.15,109.45,660,0.9,1.15,
Bid,,131.4,129.1,640,0.55,0.6,
Ask,,174.7,135.05,640,0.85,0.0,
Ask,,196.45,154.7,620,0.55,0.0,
Bid,,150.3,148.6,620,0.2,0.15,
Chain,CE_11-25,CE_10-25,CE_09-25,strikePrice,PE_09-25,PE_10-25,PE_11-25
Bid,,,0.1,1920,427.9,,
Ask,,,0.35,1920,433.4,,
Ask,,,0.45,1800,315.55,,
Bid,,,0.4,1800,312.0,,
Ask,30.0,3.2,,1760,280.2,283.85,
Bid,1.15,1.55,,1760,268.6,272.1,
Ask,,7.95,0.8,1720,235.8,247.3,
Bid,,2.35,0.65,1720,232.95,233.45,
Bid,,,0.7,1700,213.3,,
Ask,,,0.75,1700,216.3,,
Bid,4.95,5.8,0.85,1680,190.1,197.2,
Ask,48.1,5.95,0.95,1680,199.2,206.7,
Ask,,15.05,1.3,1660,179.65,190.05,
Bid,,0.25,1.25,1660,170.6,170.5,
Ask,22.95,9.9,1.85,1640,156.05,171.35,
Bid,12.1,9.4,1.8,1640,155.15,159.15,
Ask,,12.55,2.8,1620,137.1,153.35,
Bid,,11.95,2.75,1620,135.9,142.25,
Ask,32.75,15.5,4.3,1600,118.5,131.5,0.0
Bid,22.0,15.15,4.2,1600,117.65,129.3,90.0
Ask,,19.8,6.3,1580,100.7,121.0,
Bid,,19.0,6.2,1580,99.9,111.3,
Ask,48.0,24.65,9.2,1560,83.65,100.6,
Bid,20.2,23.85,9.05,1560,83.0,98.75,
Ask,,30.45,13.4,1540,67.95,87.1,
Bid,,29.45,13.25,1540,67.1,83.8,
Ask,,37.25,19.25,1520,53.85,73.35,0.0
Bid,,36.25,19.05,1520,53.35,71.75,57.0
Ask,,45.25,27.0,1500,41.7,61.3,
Bid,,44.35,26.9,1500,41.4,60.25,
Ask,,54.6,36.5,1480,31.25,50.75,0.0
Bid,,53.3,36.4,1480,30.95,49.85,0.0
Ask,,65.05,48.0,1460,22.65,41.45,
Bid,,63.95,47.7,1460,22.5,40.6,
Ask,,78.3,61.4,1440,16.0,33.4,90.0
Bid,,74.95,60.95,1440,15.9,32.55,0.0
Ask,,98.2,76.4,1420,11.05,32.1,
Bid,,82.65,75.6,1420,10.9,25.75,
Ask,,108.85,92.5,1400,7.45,20.75,50.0
Bid,,96.95,92.05,1400,7.35,20.6,16.1
Ask,,123.4,110.2,1380,4.95,16.95,
Bid,,111.75,109.2,1380,4.9,14.9,
Bid,,126.15,124.1,1360,3.3,12.1,17.5
Ask,,138.0,133.75,1360,3.4,12.5,19.5
Ask,,156.95,151.1,1340,2.35,9.55,
Bid,,143.15,143.0,1340,2.25,9.25,
Bid,,162.5,162.0,1320,1.4,5.9,5.6
Ask,,172.85,170.65,1320,1.8,7.5,22.0
Bid,,182.0,184.1,1300,1.35,3.1,
Ask,,199.25,186.1,1300,1.4,13.45,
Bid,,197.7,200.95,1280,1.0,3.3,1.3
Ask,,209.45,209.75,1280,1.15,4.9,30.0
Ask,,,,1260,0.75,,
Bid,,,,1260,0.6,,
Bid,,234.65,241.05,1240,0.6,1.25,
Ask,,255.75,249.2,1240,0.7,10.6,
Ask,,,288.65,1200,0.65,,
Bid,,,279.8,1200,0.55,,
Chain,CE_11-25,CE_10-25,CE_09-25,strikePrice,PE_09-25,PE_10-25,PE_11-25
Bid,,,0.15,480,65.3,,
Ask,,,0.2,480,67.1,,
Ask,,0.7,0.25,470,58.05,56.3,
Bid,,0.3,0.2,470,54.95,52.95,
Ask,2.25,1.5,0.3,460,48.5,47.05,
Bid,1.65,0.15,0.25,460,45.05,43.25,
Ask,,,0.4,455,43.6,,
Bid,,,0.35,455,40.25,,
Bid,0.65,1.3,0.45,450,37.05,34.35,
Ask,0.0,1.4,0.5,450,37.35,37.05,
Bid,,0.1,0.6,445,32.3,28.85,
Ask,,2.3,0.65,445,32.55,33.45,
Ask,4.9,2.65,0.9,440,27.8,28.65,0.0
Bid,3.65,2.45,0.8,440,27.55,25.65,0.0
Ask,,4.55,1.2,435,23.15,25.75,
Bid,,2.55,1.15,435,22.9,21.05,
Ask,8.0,4.55,1.75,430,18.85,20.75,0.0
Bid,6.55,4.35,1.7,430,18.55,17.7,8.55
Bid,,4.35,2.55,425,14.4,14.05,
Ask,,7.9,2.6,425,14.55,16.85,
Ask,12.8,8.1,3.9,420,10.9,12.65,0.0
Bid,9.8,7.65,3.85,420,10.75,12.2,11.1
Ask,,10.3,5.75,415,7.75,10.0,
Bid,,9.8,5.65,415,7.65,9.5,
Ask,0.0,13.2,8.25,410,5.35,7.7,27.95
Bid,10.1,12.55,8.15,410,5.25,7.3,8.15
Ask,,18.7,11.55,405,3.6,7.6,
Bid,,13.5,11.4,405,3.55,4.05,
Bid,6.3,19.15,15.25,400,2.4,4.15,4.65
Ask,0.0,19.5,15.3,400,2.45,4.3,5.45
Ask,,25.4,19.65,395,1.65,4.05,
Bid,,20.65,19.3,395,1.6,2.1,
Ask,0.0,28.85,24.1,390,1.2,2.45,5.5
Bid,0.0,26.6,23.7,390,1.1,2.25,1.75
Bid,,29.3,28.35,385,0.75,0.7,
Ask,,35.35,28.75,385,0.85,4.35,
Ask,0.0,37.45,33.45,380,0.65,1.5,0.0
Bid,0.0,34.25,33.15,380,0.6,0.95,0.6
Bid,,38.4,36.85,375,0.45,0.3,
Ask,,43.65,40.15,375,0.5,2.8,
Bid,,43.4,42.7,370,0.3,0.3,0.15
Ask,,48.1,43.55,370,0.4,1.8,0.0
Bid,,48.7,46.85,365,0.2,0.2,
Ask,,53.85,50.1,365,0.3,2.85,
Ask,,56.95,53.1,360,0.25,1.0,
Bid,,53.7,52.5,360,0.2,0.3,
Bid,,63.1,62.05,350,0.15,0.15,
Ask,,66.45,63.0,350,0.25,0.85,
Ask,,,,340,0.2,,3.5
Bid,,,,340,0.1,,0.6
Chain,CE_11-25,CE_10-25,CE_09-25,strikePrice,PE_09-25,PE_10-25,PE_11-25
Bid,,0.8,0.15,380,,,
Ask,,0.9,0.2,380,,,
Ask,,,0.3,370,55.25,,
Bid,,,0.25,370,53.05,,
Ask,,,0.4,365,,,
Bid,,,0.35,365,,,
Ask,4.65,2.1,0.5,360,44.4,,
Bid,4.4,2.05,0.45,360,44.05,,
Bid,,,0.55,355,38.2,,
Ask,,,0.6,355,40.55,,
Bid,,3.2,0.75,350,34.35,34.5,
Ask,,3.3,0.8,350,34.75,36.95,
Ask,,6.2,1.1,345,30.15,34.7,
Bid,,1.8,1.05,345,29.8,28.4,
Ask,9.3,5.15,1.55,340,25.55,28.7,0.0
Bid,8.5,5.0,1.5,340,25.2,26.55,0.0
Ask,,7.05,2.3,335,21.6,25.35,
Bid,,5.7,2.2,335,21.1,22.15,
Ask,0.0,8.0,3.25,330,17.3,21.05,0.0
Bid,11.15,7.8,3.2,330,17.1,19.95,0.0
Ask,,10.35,4.6,325,13.65,18.55,
Bid,,9.4,4.55,325,13.5,16.0,
Ask,0.0,12.05,6.45,320,10.5,14.5,0.0
Bid,12.4,11.55,6.4,320,10.35,14.05,10.25
Ask,,14.5,8.75,315,7.8,13.15,
Bid,,13.85,8.65,315,7.7,10.9,
Bid,15.0,16.35,11.5,310,5.55,9.25,6.15
Ask,0.0,17.1,11.55,310,5.6,10.1,13.2
Ask,,21.7,14.95,305,4.0,8.55,
Bid,,17.4,14.7,305,3.9,6.1,
Ask,0.0,23.15,18.75,300,2.75,6.15,8.5
Bid,12.6,22.7,18.45,300,2.7,6.0,8.4
Bid,,25.2,22.6,295,1.85,4.15,
Ask,,28.3,22.9,295,1.9,5.3,
Bid,0.0,30.0,27.0,290,1.3,3.55,5.3
Ask,0.0,31.65,27.35,290,1.35,3.7,0.0
Bid,,31.85,31.55,285,0.9,0.95,
Ask,,37.75,31.85,285,1.0,4.85,
Ask,,40.15,36.6,280,0.7,2.2,3.5
Bid,,37.85,36.25,280,0.65,2.05,3.2
Bid,,46.65,44.9,270,0.35,0.9,
Ask,,49.8,47.0,270,0.4,1.85,
Ask,,,,260,0.25,,
Bid,,,,260,0.2,,
Chain,CE_11-25,CE_10-25,CE_09-25,strikePrice,PE_09-25,PE_10-25,PE_11-25
Bid,,,0.8,1220,,,
Ask,,,0.9,1220,,,
Ask,0.0,,1.5,1200,125.75,,
Bid,0.1,,1.45,1200,116.65,,
Ask,,25.0,2.35,1180,107.25,122.8,
Bid,,2.4,2.2,1180,97.6,93.2,
Ask,,,3.0,1170,,,
Bid,,,2.85,1170,,,
Bid,,2.15,3.9,1160,79.65,73.2,
Ask,,25.0,4.05,1160,89.05,102.95,
Bid,,,5.05,1150,73.2,,
Ask,,,5.2,1150,78.9,,
Ask,,27.45,6.75,1140,70.6,85.05,
Bid,,6.0,6.6,1140,62.35,52.85,
Ask,,27.4,8.75,1130,62.7,76.2,
Bid,,3.65,8.45,1130,54.85,49.65,
Bid,,21.95,10.6,1120,49.35,53.45,
Ask,,23.5,10.95,1120,51.25,63.5,
Ask,,31.15,14.0,1110,44.15,60.1,
Bid,,19.05,13.2,1110,43.05,39.45,
Bid,0.0,30.1,17.0,1100,36.2,41.4,
Ask,0.0,32.45,17.2,1100,37.3,50.8,
Ask,,39.7,21.0,1090,31.15,49.1,
Bid,,30.0,20.55,1090,30.35,32.3,
Ask,0.0,44.25,25.6,1080,25.8,42.1,
Bid,40.5,34.35,25.25,1080,25.25,26.0,
Bid,,40.0,30.3,1070,20.55,21.9,
Ask,,53.1,30.85,1070,20.95,40.55,
Ask,0.0,52.0,36.85,1060,16.65,27.0,
Bid,48.05,47.4,36.2,1060,16.45,20.0,
Bid,,54.05,42.65,1050,12.95,17.4,
Ask,,70.05,43.4,1050,13.35,28.55,
Bid,0.0,56.2,49.45,1040,10.15,15.15,
Ask,0.0,69.4,51.85,1040,10.35,21.3,
Bid,,58.7,56.65,1030,7.6,7.65,
Ask,,81.95,58.0,1030,7.9,23.45,
Bid,,71.25,64.45,1020,5.85,10.6,
Ask,,89.9,66.2,1020,6.1,22.0,
Ask,,96.6,75.35,1010,4.55,18.15,
Bid,,76.1,72.5,1010,4.35,8.5,
Ask,,96.7,83.4,1000,3.45,9.0,0.0
Bid,,87.9,81.65,1000,3.3,7.8,9.5
Ask,,110.35,92.5,990,2.45,12.8,
Bid,,93.35,90.65,990,2.35,2.8,
Ask,,120.85,103.9,980,1.75,13.05,
Bid,,99.9,95.75,980,1.65,0.2,
Bid,,112.4,104.95,970,1.15,0.45,
Ask,,129.05,113.75,970,1.25,12.8,
Ask,,140.05,123.1,960,0.85,13.9,
Bid,,120.85,114.9,960,0.75,1.5,
Bid,,129.85,124.65,950,0.6,0.3,
Ask,,149.0,132.9,950,0.7,12.95,
Bid,,139.3,134.5,940,0.6,0.3,0.05
Ask,,158.85,142.9,940,0.65,12.95,0.0
Bid,,149.6,143.95,930,0.5,0.3,
Ask,,169.45,153.9,930,0.7,13.65,
Ask,,178.8,163.9,920,0.6,12.95,0.0
Bid,,159.45,154.1,920,0.55,0.25,0.05
Bid,,111.75,177.9,900,0.25,0.3,
Ask,,251.45,180.85,900,0.35,14.95,
Ask,,271.2,202.25,880,0.45,17.95,0.0
Bid,,128.65,193.4,880,0.15,0.2,0.05
Chain,CE_11-25,CE_10-25,CE_09-25,strikePrice,PE_09-25,PE_10-25,PE_11-25
Bid,,,,2360,380.55,,
Ask,,,,2360,395.5,,
Ask,0.0,,0.6,2320,,,
Bid,0.1,,0.2,2320,,,
Ask,,4.0,0.7,2280,316.5,403.55,
Bid,,0.7,0.65,2280,302.75,247.65,
Ask,0.0,4.15,1.0,2240,277.25,270.35,
Bid,0.95,3.35,0.85,2240,262.15,257.0,
Bid,,,0.7,2220,,,
Ask,,,0.9,2220,,,
Bid,,2.85,0.95,2200,228.4,217.0,
Ask,,7.0,1.0,2200,231.9,231.8,
Ask,,18.95,1.35,2180,217.65,224.4,
Bid,,2.5,0.9,2180,202.85,196.55,
Ask,,15.75,1.4,2160,197.95,203.8,
Bid,,4.0,1.05,2160,183.75,177.0,
Bid,,0.0,1.6,2140,163.7,155.9,
Ask,,12.0,1.75,2140,178.4,179.2,
Bid,,0.0,2.05,2120,151.85,136.95,
Ask,,24.05,2.25,2120,153.55,171.45,
Ask,,15.0,3.2,2100,134.35,141.1,
Bid,,10.25,3.15,2100,132.85,124.2,
Ask,,29.35,4.45,2080,115.65,135.7,
Bid,,0.0,4.3,2080,114.2,104.15,
Ask,,33.6,6.4,2060,97.55,122.75,
Bid,,0.0,6.25,2060,96.45,0.0,
Ask,,38.25,9.35,2040,80.85,106.6,
Bid,,0.0,9.05,2040,79.55,0.0,
Ask,,46.75,13.65,2020,64.85,95.5,
Bid,,25.05,13.3,2020,64.05,0.0,
Bid,,42.5,19.2,2000,50.2,61.0,
Ask,,43.0,19.6,2000,50.85,68.3,
Bid,,43.1,26.9,1980,38.05,0.0,
Ask,,64.3,27.45,1980,38.55,0.0,
Bid,,53.25,37.1,1960,28.1,0.0,
Ask,,64.0,37.3,1960,28.55,53.3,
Bid,,50.25,48.6,1940,20.15,0.0,
Ask,,0.0,49.3,1940,20.5,60.15,
Bid,,55.75,62.4,1920,14.15,0.0,0.0
Ask,,119.05,62.85,1920,14.4,0.0,80.0
Bid,,75.15,78.0,1900,9.8,0.0,
Ask,,132.65,78.9,1900,10.0,42.0,
Ask,,131.1,95.55,1880,7.0,24.2,
Bid,,95.0,94.35,1880,6.8,0.0,
Ask,,159.5,113.5,1860,4.9,32.45,
Bid,,114.85,112.25,1860,4.75,0.0,
Ask,,176.95,132.0,1840,3.4,31.15,
Bid,,134.05,130.8,1840,3.25,0.0,
Bid,,153.8,149.65,1820,2.3,0.0,
Ask,,197.05,151.1,1820,2.45,31.15,
Ask,,214.75,174.9,1800,1.85,30.0,
Bid,,174.4,165.9,1800,1.8,0.0,
Bid,,196.55,185.35,1780,1.15,3.2,
Ask,,232.25,197.0,1780,1.3,30.0,
Bid,,212.35,204.55,1760,0.7,1.1,
Ask,,253.8,215.65,1760,0.95,31.35,
Bid,,233.75,224.7,1740,0.55,1.0,
Ask,,274.55,235.75,1740,1.15,32.15,
Ask,,269.0,255.15,1720,0.7,8.25,
Bid,,251.9,244.35,1720,0.35,1.1,
Bid,,290.5,282.1,1680,0.2,0.15,0.05
Ask,,316.15,295.65,1680,0.95,15.85,0.0
Ask,,404.3,335.9,1640,1.25,23.6,
Bid,,240.1,322.35,1640,0.15,0.15,
Chain,CE_11-25,CE_10-25,CE_09-25,strikePrice,PE_09-25,PE_10-25,PE_11-25
Bid,,2.0,0.9,4200,,,
Ask,,6.9,1.05,4200,,,
Ask,,33.5,1.4,4100,497.3,510.05,
Bid,,0.0,1.0,4100,472.0,448.0,
Ask,,,2.05,4050,447.85,,
Bid,,,1.55,4050,422.95,,
Ask,0.0,32.0,2.1,4000,387.3,408.7,
Bid,0.0,0.0,2.05,4000,380.8,350.2,
Bid,,0.0,2.5,3950,324.35,299.15,
Ask,,40.4,3.0,3950,351.35,370.85,
Bid,0.0,0.0,4.25,3900,279.8,250.3,
Ask,0.0,47.35,4.85,3900,296.9,328.35,
Ask,,55.1,14.4,3850,255.1,283.4,
Bid,,0.0,3.1,3850,225.45,202.5,
Ask,,58.0,10.9,3800,196.85,238.95,
Bid,,0.0,10.55,3800,194.5,0.0,
Ask,,81.25,18.05,3750,154.0,214.0,
Bid,,0.0,17.55,3750,151.2,0.0,
Ask,,97.6,29.55,3700,116.25,180.15,
Bid,,0.0,28.75,3700,113.15,67.95,
Ask,,97.95,46.15,3650,83.2,132.35,
Bid,,91.05,46.1,3650,81.35,0.0,
Ask,,118.95,70.45,3600,56.5,87.05,
Bid,,114.5,69.55,3600,55.7,80.05,
Ask,,202.2,100.95,3550,36.95,100.5,
Bid,,97.9,99.5,3550,36.2,0.0,
Bid,,118.45,135.15,3500,22.7,0.0,0.0
Ask,,236.0,137.2,3500,23.3,101.1,135.0
Ask,,297.0,178.65,3450,14.7,104.05,
Bid,,169.65,168.0,3450,14.25,0.0,
Ask,,335.9,223.65,3400,9.6,111.6,
Bid,,219.5,207.2,3400,8.95,0.0,
Bid,,266.2,256.2,3350,5.0,0.0,
Ask,,391.15,281.8,3350,6.5,0.0,
Bid,,315.85,309.2,3300,3.75,,
Ask,,440.6,324.2,3300,4.0,,
Bid,,366.9,351.1,3250,2.2,,
Ask,,490.0,382.25,3250,3.5,,
Ask,,539.45,424.65,3200,1.6,,
Bid,,414.35,402.1,3200,1.35,,
Bid,,516.05,499.3,3100,1.15,2.3,
Ask,,617.5,524.95,3100,2.25,0.0,
Ask,,,628.55,3000,1.1,,0.0
Bid,,,598.15,3000,0.7,,0.5
Chain,CE_11-25,CE_10-25,CE_09-25,strikePrice,PE_09-25,PE_10-25,PE_11-25
Bid,,8.0,1.7,3900,,,
Ask,,9.3,1.8,3900,,,
Ask,,,3.15,3850,,,
Bid,,,2.35,3850,,,
Ask,,38.8,3.0,3800,515.1,531.05,
Bid,,8.3,2.9,3800,488.2,479.75,
Ask,,,4.1,3750,,,
Bid,,,4.0,3750,,,
Bid,,10.3,5.95,3700,398.7,380.9,
Ask,,44.45,6.1,3700,418.5,437.9,
Bid,,,6.55,3650,,,
Ask,,,8.15,3650,,,
Ask,,36.15,11.4,3600,323.65,332.0,
Bid,,34.85,11.2,3600,305.1,305.2,
Ask,,57.2,16.0,3550,271.1,297.65,
Bid,,23.4,15.75,3550,266.1,255.3,
Ask,,64.85,23.15,3500,225.75,260.3,
Bid,,35.5,23.0,3500,223.5,213.65,
Bid,,48.05,32.75,3450,182.6,191.05,
Ask,,81.55,33.0,3450,187.2,222.55,
Ask,0.0,92.0,46.8,3400,152.05,187.7,
Bid,84.5,87.35,46.35,3400,147.7,167.6,
Ask,,120.2,64.8,3350,117.1,156.05,
Bid,,103.6,64.0,3350,115.9,140.3,
Ask,0.0,136.9,86.9,3300,89.8,129.2,0.0
Bid,140.05,129.1,86.6,3300,89.1,119.2,130.2
Ask,,169.0,115.15,3250,67.05,107.35,
Bid,,151.2,114.2,3250,67.0,97.4,
Bid,,181.55,146.65,3200,49.4,78.7,0.0
Ask,,200.0,147.25,3200,49.9,87.9,195.0
Ask,,252.25,184.55,3150,36.4,81.6,
Bid,,216.05,179.5,3150,35.95,61.8,
Ask,,278.25,223.75,3100,26.05,55.45,
Bid,,252.2,219.95,3100,25.85,49.85,
Bid,,256.7,258.9,3050,18.7,0.0,
Ask,,341.05,270.6,3050,20.5,65.1,
Ask,,375.8,312.8,3000,13.95,54.0,
Bid,,222.8,304.15,3000,13.45,0.0,
Bid,,354.8,345.9,2950,8.7,0.0,
Ask,,425.35,363.4,2950,10.05,53.35,
Bid,,405.0,399.6,2900,7.45,0.0,
Ask,,466.55,403.65,2900,7.6,45.85,
Bid,,,,2850,5.1,,
Ask,,,,2850,6.15,,
Ask,,533.2,502.85,2800,4.25,11.85,
Bid,,507.5,494.4,2800,3.75,11.65,
Bid,,601.25,585.4,2700,1.7,3.2,
Ask,,636.0,609.95,2700,1.9,22.95,
Ask,,,700.6,2600,1.6,,
Bid,,,689.95,2600,1.35,,
Chain,CE_11-25,CE_10-25,CE_09-25,strikePrice,PE_09-25,PE_10-25,PE_11-25
Bid,,0.0,12.6,16600,1612.9,1232.45,
Ask,,210.15,13.0,16600,1730.5,2254.65,
Ask,,182.95,18.1,16400,1527.4,1620.4,
Bid,,46.0,16.1,16400,1419.4,1331.6,
Ask,,182.85,24.45,16200,1335.1,1432.95,
Bid,,0.0,23.65,16200,1229.65,1129.85,
Ask,,175.0,31.45,16100,1239.3,1325.7,
Bid,,0.0,23.15,16100,1132.25,1015.05,
Bid,,123.5,33.05,16000,1072.5,1062.15,
Ask,,126.95,35.0,16000,1128.75,1164.3,
Bid,,94.1,38.05,15900,944.35,959.95,
Ask,,247.4,44.6,15900,1053.5,1188.6,
Ask,,269.25,52.4,15800,950.95,1123.45,
Bid,,0.0,46.7,15800,891.5,856.1,
Ask,,293.0,62.4,15700,862.4,1035.5,
Bid,,0.0,57.3,15700,800.85,742.95,
Bid,,156.25,70.0,15600,698.75,706.75,
Ask,,338.75,74.3,15600,783.6,972.45,
Bid,,172.6,87.05,15500,614.85,607.9,
Ask,,366.05,88.95,15500,669.95,887.55,
Bid,,201.5,106.15,15400,544.55,509.05,
Ask,,396.7,111.0,15400,611.4,831.5,
Bid,,241.95,131.85,15300,483.55,0.0,
Ask,,429.75,135.35,15300,517.95,773.85,
Bid,,340.9,161.7,15200,411.85,492.25,
Ask,,426.45,165.0,15200,449.65,661.0,
Bid,,326.0,198.2,15100,351.4,389.45,
Ask,,512.8,205.0,15100,391.9,669.95,
Ask,0.0,461.65,248.0,15000,324.85,506.5,
Bid,0.0,373.2,247.0,15000,320.0,330.75,
Ask,,672.75,300.0,14900,274.95,556.9,
Bid,,465.35,296.0,14900,270.0,315.55,
Ask,,620.25,368.65,14800,235.0,385.0,800.0
Bid,,498.3,352.0,14800,233.6,326.0,400.0
Bid,,475.75,414.8,14700,199.0,0.0,
Ask,,806.8,433.8,14700,202.95,431.8,
Bid,,533.85,481.0,14600,169.0,0.0,
Ask,,836.1,506.5,14600,172.0,384.3,
Ask,,881.6,583.95,14500,143.5,332.8,
Bid,,683.65,555.55,14500,142.65,205.7,
Bid,,699.85,631.3,14400,119.05,0.0,
Ask,,961.9,677.9,14400,126.85,312.4,
Ask,,1062.3,750.85,14300,105.95,306.4,
Bid,,798.65,708.35,14300,103.0,0.0,
Bid,,891.45,788.75,14200,84.65,0.0,
Ask,,1141.35,839.6,14200,89.95,286.6,
Bid,,1000.3,875.4,14100,71.3,98.1,
Ask,,1215.45,905.95,14100,75.9,271.5,
Bid,,1099.15,967.5,14000,62.15,140.0,0.0
Ask,,1194.75,991.2,14000,62.5,149.95,0.0
Bid,,1076.55,1034.75,13900,45.05,0.0,
Ask,,1358.1,1116.0,13900,52.5,201.65,
Ask,,1452.4,1179.95,13800,42.3,202.25,
Bid,,1146.8,1140.95,13800,38.2,0.0,
Ask,,1541.85,1280.85,13700,35.45,197.5,
Bid,,1245.65,1225.3,13700,31.25,0.0,
Ask,,1620.35,1410.95,13600,30.5,213.4,
Bid,,1350.15,1305.65,13600,26.1,0.0,
Ask,,,1467.1,13500,26.35,,
Bid,,,1424.8,13500,25.05,,
Ask,,2211.65,1602.25,13400,22.5,,
Bid,,1134.15,1496.35,13400,19.25,,
Ask,,,1691.25,13300,22.9,,
Bid,,,1593.3,13300,16.3,,
Bid,,1287.5,1690.05,13200,16.35,,
Ask,,2399.9,1746.4,13200,16.95,,
Bid,,,,13100,12.5,,
Ask,,,,13100,18.45,,
Bid,,1449.3,1906.1,13000,13.0,10.0,
Ask,,2591.3,1973.85,13000,13.95,0.0,
Bid,,,1976.25,12900,11.55,,
Ask,,,2087.2,12900,15.65,,
Bid,,,2089.4,12800,9.2,,
Ask,,,2156.0,12800,13.15,,
Bid,,,2156.15,12700,9.8,,
Ask,,,2283.75,12700,11.95,,
Bid,,,,12600,8.75,,
Ask,,,,12600,9.45,,
Ask,,,2479.1,12500,9.15,,
Bid,,,2382.6,12500,8.2,,
Bid,,,,12400,6.6,,
Ask,,,,12400,9.95,,
Bid,,,,12200,6.05,,
Ask,,,,12200,9.5,,
Bid,,,2872.45,12000,6.2,,
Ask,,,2975.5,12000,6.45,,
Ask,,,,11400,5.3,,
Bid,,,,11400,3.6,,
Bid,,,3692.6,11000,2.9,,
Ask,,,4149.85,11000,4.95,,
Ask,,,,10600,6.45,,
Bid,,,,10600,3.75,,
Chain,CE_11-25,CE_10-25,CE_09-25,strikePrice,PE_09-25,PE_10-25,PE_11-25
Bid,0.05,0.1,0.75,1360,154.05,147.55,
Ask,0.0,20.35,1.9,1360,162.05,174.0,
Ask,,20.85,1.75,1340,143.05,154.35,
Bid,,0.25,1.65,1340,133.65,127.9,
Ask,,20.8,2.5,1320,125.25,134.95,
Bid,,0.25,2.35,1320,114.5,108.05,
Ask,,20.25,3.25,1310,114.35,124.1,
Bid,,0.05,2.75,1310,105.2,98.05,
Bid,,0.35,3.55,1300,100.75,90.75,
Ask,,16.0,3.65,1300,103.65,110.1,
Bid,,0.05,1.25,1290,86.15,78.2,
Ask,,35.0,7.1,1290,98.95,114.45,
Ask,,35.05,5.35,1280,87.6,109.55,
Bid,,0.6,5.2,1280,77.85,69.3,
Ask,,35.0,6.55,1270,78.9,99.85,
Bid,,3.3,6.4,1270,68.5,61.65,
Bid,,0.0,7.85,1260,66.35,50.6,
Ask,,35.0,8.0,1260,68.05,90.9,
Ask,,35.0,9.9,1250,61.4,81.05,
Bid,,0.0,9.1,1250,58.2,43.95,
Ask,,32.7,12.1,1240,53.2,68.2,
Bid,,18.0,11.65,1240,49.15,47.2,
Ask,,53.2,14.8,1230,44.6,71.7,
Bid,,0.0,14.35,1230,43.3,36.55,
Ask,,58.4,18.05,1220,39.0,71.2,
Bid,,21.6,17.55,1220,36.65,38.1,
Ask,,58.35,21.7,1210,31.0,64.4,
Bid,,27.05,21.05,1210,30.35,32.75,
Bid,,31.7,25.55,1200,25.0,27.1,
Ask,,54.9,26.15,1200,25.45,50.2,
Ask,,0.0,31.6,1190,21.05,0.0,
Bid,,37.95,30.1,1190,20.2,23.5,
Bid,,35.75,35.65,1180,16.1,17.0,
Ask,,0.0,37.35,1180,16.5,50.6,
Ask,,91.6,44.5,1170,13.15,0.0,
Bid,,39.0,41.0,1170,12.5,12.5,
Bid,,48.2,47.95,1160,9.85,0.0,
Ask,,101.5,51.4,1160,10.2,0.0,
Bid,,58.15,57.6,1150,7.6,7.15,
Ask,,111.05,58.55,1150,7.8,0.0,
Bid,,66.1,64.2,1140,5.9,3.1,
Ask,,106.8,66.75,1140,6.2,36.0,
Bid,,73.0,70.7,1130,4.5,3.6,
Ask,,118.95,81.05,1130,4.7,0.0,
Bid,,85.4,80.7,1120,3.4,3.0,
Ask,,121.35,89.85,1120,3.7,0.0,
Ask,,121.35,99.7,1110,2.85,28.45,
Bid,,95.45,89.1,1110,2.55,2.45,
Ask,,117.5,104.05,1100,2.1,7.0,
Bid,,106.95,101.6,1100,2.0,3.9,
Bid,,112.8,108.3,1090,1.35,0.15,
Ask,,131.65,118.2,1090,2.25,11.25,
Ask,,141.5,127.9,1080,1.55,11.2,
Bid,,123.5,118.3,1080,1.15,0.15,
Bid,,133.95,126.95,1070,0.8,0.15,
Ask,,151.8,137.5,1070,1.6,11.25,
Bid,,112.2,137.55,1060,0.75,0.15,
Ask,,196.8,147.25,1060,0.85,23.8,
Bid,,120.75,147.55,1050,0.6,0.15,
Ask,,206.55,156.65,1050,0.75,0.0,
Ask,,216.3,167.0,1040,0.75,0.0,
Bid,,129.5,157.5,1040,0.5,0.15,
Bid,,147.65,177.6,1020,0.2,0.2,
Ask,,235.95,186.0,1020,0.9,0.0,
Ask,,255.7,206.5,1000,0.35,0.0,
Bid,,166.3,196.75,1000,0.25,1.0,
Chain,CE_11-25,CE_10-25,CE_09-25,strikePrice,PE_09-25,PE_10-25,PE_11-25
Bid,,0.25,0.1,390,56.6,54.05,
Ask,,3.85,0.15,390,57.35,0.0,
Ask,,0.0,0.2,380,48.0,0.0,
Bid,,0.15,0.15,380,45.95,44.1,
Ask,,5.15,0.35,370,38.45,41.4,
Bid,,0.25,0.25,370,36.1,34.3,
Ask,,4.0,0.45,365,32.55,36.65,
Bid,,0.05,0.4,365,32.1,29.25,
Bid,2.1,1.6,0.55,360,27.35,25.6,
Ask,0.0,4.0,0.65,360,27.65,30.15,
Bid,,2.65,0.8,355,22.65,21.85,
Ask,,4.3,0.9,355,22.95,25.75,
Ask,0.0,4.3,1.35,350,18.4,20.5,
Bid,6.05,4.1,1.3,350,18.15,18.3,
Ask,,5.8,2.1,345,14.2,17.35,
Bid,,5.35,2.0,345,13.95,14.7,
Ask,0.0,8.25,3.3,340,10.4,12.9,0.0
Bid,2.35,5.7,3.2,340,10.25,12.25,13.0
Ask,,10.85,5.15,335,7.25,10.3,
Bid,,8.1,5.1,335,7.15,9.75,
Ask,,12.95,7.8,330,4.85,8.1,0.0
Bid,,12.4,7.7,330,4.8,7.7,8.5
Ask,,16.25,11.1,325,3.25,6.3,
Bid,,15.55,9.95,325,3.2,5.85,
Bid,,18.4,14.8,320,2.05,4.55,0.05
Ask,,20.55,15.05,320,2.15,4.75,0.0
Ask,,25.0,19.35,315,1.45,4.7,
Bid,,20.95,19.1,315,1.4,2.55,
Bid,,25.75,23.6,310,0.95,2.6,0.05
Ask,,28.5,23.85,310,1.05,2.8,0.0
Bid,,29.25,28.3,305,0.65,0.9,
Ask,,34.4,28.6,305,0.75,4.1,
Bid,,34.55,33.0,300,0.5,1.5,2.1
Ask,,37.1,33.35,300,0.55,1.75,0.0
Ask,,43.05,39.3,295,0.5,2.95,
Bid,,38.6,36.8,295,0.35,0.25,
Bid,,43.35,41.75,290,0.25,0.35,
Ask,,48.15,44.35,290,0.4,3.15,
Ask,,56.35,54.1,280,0.15,1.0,
Bid,,53.45,51.6,280,0.1,0.3,
Chain,CE_11-25,CE_10-25,CE_09-25,strikePrice,PE_09-25,PE_10-25,PE_11-25
Bid,,0.0,0.1,280,39.7,37.1,
Ask,,2.45,0.15,280,41.8,42.65,
Ask,,1.65,0.2,270,30.85,31.6,
Bid,,0.55,0.15,270,30.25,28.1,
Ask,,2.6,0.3,265,26.0,28.0,
Bid,,0.75,0.25,265,25.85,23.55,
Ask,0.0,1.85,0.5,260,21.2,21.95,
Bid,1.0,1.65,0.4,260,21.0,20.5,
Ask,,4.4,0.85,255,16.6,19.9,
Bid,,1.05,0.8,255,16.3,13.9,
Ask,0.0,4.0,1.6,250,12.3,13.75,0.0
Bid,1.0,3.75,1.5,250,12.15,12.9,1.0
Bid,,3.95,2.75,245,8.45,6.75,
Ask,,7.2,2.8,245,8.55,12.7,
Ask,0.0,7.9,4.8,240,5.55,8.2,17.95
Bid,1.0,7.65,4.75,240,5.45,7.0,2.0
Bid,,9.1,7.55,235,3.3,4.35,
Ask,,12.9,7.65,235,3.4,8.15,
Bid,,12.95,11.2,230,1.95,3.5,3.1
Ask,,14.85,11.55,230,2.0,3.7,0.0
Bid,,16.25,15.25,225,1.1,1.6,
Ask,,20.35,15.45,225,1.2,4.3,
Bid,,20.9,19.75,220,0.65,1.35,0.1
Ask,,23.2,20.0,220,0.75,2.2,0.0
Bid,,24.5,24.4,215,0.4,0.1,
Ask,,29.0,24.75,215,0.45,3.05,
Ask,,33.85,30.1,210,0.3,3.05,
Bid,,29.6,28.45,210,0.25,0.2,
Bid,,39.3,38.4,200,0.1,0.1,
Ask,,43.4,40.05,200,0.2,2.6,
Ask,,53.2,49.95,190,0.15,2.6,
Bid,,49.15,48.3,190,0.05,0.05,
Chain,CE_11-25,CE_10-25,CE_09-25,strikePrice,PE_09-25,PE_10-25,PE_11-25
Bid,,0.2,0.1,330,41.9,40.4,
Ask,,3.5,0.15,330,43.0,44.7,
Ask,,3.9,0.2,320,33.0,35.7,
Bid,,0.2,0.15,320,32.3,30.45,
Ask,,4.0,0.3,315,28.35,31.1,
Bid,,0.05,0.25,315,27.5,24.95,
Ask,0.0,2.75,0.5,310,23.2,25.1,
Bid,1.6,1.65,0.45,310,22.75,22.2,
Bid,,0.25,0.75,305,18.15,15.8,
Ask,,5.25,0.85,305,18.55,22.05,
Ask,0.0,4.5,1.45,300,14.15,16.35,0.0
Bid,2.6,4.0,1.4,300,13.75,14.55,4.0
Bid,,3.85,2.5,295,9.95,9.65,
Ask,,6.5,2.55,295,10.2,12.0,
Bid,2.65,7.2,4.15,290,6.7,7.4,8.0
Ask,0.0,7.95,4.25,290,6.85,9.8,0.0
Bid,,9.2,6.6,285,4.2,5.15,
Ask,,14.55,6.7,285,4.3,0.0,
Ask,0.0,13.95,9.9,280,2.55,4.55,0.0
Bid,4.0,12.0,9.6,280,2.45,4.15,5.0
Ask,,19.05,14.0,275,1.5,4.75,
Bid,,14.15,13.15,275,1.4,1.95,
Bid,,19.4,18.05,270,0.85,1.75,0.2
Ask,,21.55,18.4,270,0.9,2.2,0.0
Bid,,22.45,22.65,265,0.55,0.2,
Ask,,27.4,23.05,265,0.65,3.3,
Bid,,27.85,27.45,260,0.35,1.0,
Ask,,30.35,27.85,260,0.45,1.2,
Bid,,32.2,31.0,255,0.2,0.1,
Ask,,35.9,33.15,255,0.3,2.2,
Ask,,41.3,38.05,250,0.15,2.5,
Bid,,37.25,36.2,250,0.1,0.2,
Bid,,42.05,40.85,245,0.0,0.05,
Ask,,46.4,43.2,245,0.25,2.55,
Ask,,51.4,48.0,240,0.15,2.55,0.0
Bid,,47.05,45.85,240,0.0,0.1,0.2
Chain,CE_11-25,CE_10-25,CE_09-25,strikePrice,PE_09-25,PE_10-25,PE_11-25
Bid,,,0.25,1720,,,
Ask,,,0.35,1720,,,
Ask,,,0.4,1680,,,
Bid,,,0.3,1680,,,
Ask,,,0.4,1660,,,
Bid,,,0.35,1660,,,
Ask,,,0.45,1640,263.8,,
Bid,,,0.4,1640,256.3,,
Bid,,,0.45,1620,230.75,,
Ask,,,0.5,1620,247.95,,
Bid,,2.55,0.5,1600,220.2,,
Ask,,2.6,0.55,1600,222.8,,
Ask,,3.95,0.6,1580,206.65,206.1,
Bid,,2.35,0.55,1580,196.9,157.75,
Ask,0.0,4.55,0.7,1560,188.95,235.65,
Bid,3.2,3.3,0.65,1560,174.4,138.35,
Bid,,4.85,0.95,1540,161.95,125.2,
Ask,,5.1,1.0,1540,164.3,162.55,
Bid,,,1.05,1530,151.4,,
Ask,,,1.15,1530,154.85,,
Bid,6.1,5.5,1.3,1520,142.15,133.3,
Ask,0.0,7.35,1.4,1520,145.2,144.65,
Bid,,,1.7,1510,131.6,,
Ask,,,1.8,1510,137.0,,
Bid,15.55,8.6,2.1,1500,122.65,120.6,
Ask,16.6,8.7,2.2,1500,124.65,124.05,
Bid,,6.75,2.45,1490,114.25,104.05,
Ask,,15.75,2.55,1490,115.2,126.3,
Ask,0.0,11.2,3.1,1480,105.7,110.05,
Bid,14.1,10.95,3.05,1480,104.75,98.25,
Ask,,13.1,3.85,1470,96.5,103.7,
Bid,,12.5,3.75,1470,95.65,91.5,
Ask,41.95,14.95,4.75,1460,87.45,89.1,
Bid,21.15,14.3,4.65,1460,86.6,87.2,
Ask,,16.75,6.0,1450,78.85,87.65,
Bid,,16.45,5.95,1450,77.95,75.75,
Bid,0.0,18.95,7.25,1440,69.3,72.3,0.0
Ask,0.0,19.7,7.4,1440,70.1,74.0,0.0
Bid,,21.9,9.2,1430,61.4,65.3,
Ask,,22.7,9.35,1430,62.15,66.95,
Ask,0.0,25.6,11.85,1420,54.65,60.35,0.0
Bid,0.0,25.1,11.7,1420,53.9,58.8,0.0
Bid,,28.8,14.5,1410,46.85,52.65,
Ask,,29.8,14.65,1410,47.55,54.05,
Ask,46.3,33.4,18.1,1400,41.0,48.15,56.55
Bid,44.9,32.9,18.05,1400,40.7,46.8,47.0
Ask,,38.45,21.9,1390,35.05,42.85,
Bid,,37.35,21.75,1390,34.5,41.6,
Bid,43.05,42.2,26.4,1380,29.3,36.65,25.5
Ask,0.0,43.35,26.55,1380,29.5,37.75,0.0
Ask,,48.65,31.5,1370,24.55,33.15,
Bid,,47.45,31.4,1370,24.25,32.1,
Ask,0.0,54.45,37.1,1360,20.2,28.9,38.0
Bid,52.05,53.15,36.9,1360,20.0,28.5,0.0
Ask,,60.65,43.3,1350,16.4,25.15,
Bid,,59.35,43.0,1350,16.2,24.7,
Bid,,59.55,49.55,1340,13.0,20.9,0.0
Ask,,70.25,50.25,1340,13.25,21.7,0.0
Bid,,66.25,56.85,1330,10.4,18.0,
Ask,,77.2,57.5,1330,10.6,18.7,
Ask,,85.6,65.45,1320,8.4,16.0,
Bid,,73.5,64.6,1320,8.3,15.35,
Bid,,82.15,72.75,1310,6.65,13.15,
Ask,,91.1,73.6,1310,6.75,13.75,
Bid,,94.25,81.35,1300,5.25,11.25,17.5
Ask,,98.1,82.0,1300,5.35,11.65,17.85
Bid,,99.3,89.9,1290,4.1,9.55,
Ask,,107.4,91.3,1290,4.2,10.1,
Bid,,108.15,99.1,1280,3.2,8.05,7.1
Ask,,116.4,100.4,1280,3.3,8.45,17.7
Bid,,110.8,105.05,1270,2.55,0.2,
Ask,,132.5,114.5,1270,2.6,15.45,
Bid,,125.45,117.75,1260,1.9,5.65,7.15
Ask,,134.05,119.45,1260,2.0,6.35,0.0
Bid,,136.05,126.5,1250,1.6,4.65,
Ask,,143.7,130.6,1250,1.65,5.8,
Ask,,151.05,143.15,1240,1.6,5.1,14.0
Bid,,143.7,132.5,1240,1.35,4.15,5.0
Bid,,150.25,141.8,1230,1.05,0.1,
Ask,,165.55,152.85,1230,1.25,8.15,
Bid,,115.25,152.05,1220,0.95,2.25,
Ask,,214.65,162.0,1220,1.05,3.8,
Bid,,168.6,175.65,1200,0.7,2.35,2.1
Ask,,193.2,177.6,1200,0.75,2.55,5.0
Ask,,253.15,198.25,1180,0.45,2.4,
Bid,,148.55,195.25,1180,0.4,0.8,
Bid,,0.0,214.1,1160,0.35,0.6,0.6
Ask,,0.0,218.5,1160,0.4,2.4,2.5
Ask,,292.45,241.8,1140,0.4,0.0,
Bid,,184.65,231.15,1140,0.35,0.15,
Chain,CE_11-25,CE_10-25,CE_09-25,strikePrice,PE_09-25,PE_10-25,PE_11-25
Bid,,,0.7,2160,,,
Ask,,,1.5,2160,,,
Ask,,,9.55,2120,,,
Bid,,,0.4,2120,,,
Ask,,20.0,2.4,2080,269.85,275.75,
Bid,,1.15,0.55,2080,253.15,245.3,
Ask,,0.0,2.0,2040,229.85,262.95,
Bid,,0.85,1.65,2040,215.9,204.6,
Bid,,,1.25,2020,,,
Ask,,,4.0,2020,,,
Bid,17.0,10.05,3.3,2000,178.15,174.05,
Ask,0.0,0.0,3.65,2000,190.4,225.35,
Ask,,0.0,4.75,1980,171.2,203.7,
Bid,,6.25,4.1,1980,159.0,149.45,
Ask,,49.6,5.85,1960,154.45,188.5,
Bid,,0.0,5.45,1960,140.4,134.7,
Ask,,48.7,7.75,1940,135.8,168.6,
Bid,,0.0,7.15,1940,122.3,114.95,
Ask,,51.5,10.25,1920,114.35,150.5,
Bid,,0.0,9.5,1920,104.9,95.2,
Ask,,45.15,13.5,1900,95.45,123.55,
Bid,,27.0,13.05,1900,93.0,84.55,
Ask,,0.0,17.9,1880,83.3,129.9,
Bid,,32.0,16.9,1880,75.8,75.5,
Ask,,0.0,23.55,1860,68.75,129.9,
Bid,,0.0,23.0,1860,59.15,56.5,
Ask,,0.0,30.4,1840,52.65,0.0,
Bid,,0.0,29.4,1840,50.45,53.8,
Bid,,44.7,38.5,1820,39.5,45.1,
Ask,,114.75,39.05,1820,40.9,0.0,
Ask,,108.35,49.4,1800,31.15,55.95,
Bid,,66.4,47.1,1800,29.45,44.95,
Ask,,138.35,62.25,1780,23.5,75.25,
Bid,,56.2,60.45,1780,22.7,31.7,
Ask,,156.95,77.0,1760,18.65,69.3,
Bid,,68.55,74.85,1760,16.45,25.6,
Ask,,177.75,94.65,1740,12.75,0.0,
Bid,,82.15,85.1,1740,11.9,20.05,
Ask,,193.55,107.8,1720,9.1,0.0,
Bid,,103.35,105.5,1720,8.4,15.2,
Bid,,117.35,122.75,1700,5.7,6.0,
Ask,,202.2,125.55,1700,6.35,0.0,
Ask,,221.95,147.75,1680,5.3,0.0,
Bid,,136.45,133.7,1680,3.8,1.05,
Bid,,155.6,152.75,1660,3.2,0.15,
Ask,,237.1,166.6,1660,3.6,0.0,
Bid,,176.1,173.05,1640,2.05,0.15,
Ask,,254.1,188.15,1640,3.85,0.0,
Bid,,195.65,191.55,1620,1.15,0.15,
Ask,,273.85,209.1,1620,7.15,0.0,
Ask,,293.65,225.2,1600,4.0,0.0,
Bid,,215.6,212.65,1600,1.0,0.2,
Bid,,254.8,249.95,1560,0.55,0.15,
Ask,,333.2,264.6,1560,2.0,0.0,
Ask,,384.95,303.8,1520,1.95,10.0,
Bid,,237.55,290.0,1520,0.85,0.15,
Chain,CE_11-25,CE_10-25,CE_09-25,strikePrice,PE_09-25,PE_10-25,PE_11-25
Bid,,,0.15,940,,,
Ask,,,0.2,940,,,
Ask,3.6,1.95,0.35,920,104.6,102.15,
Bid,3.0,1.4,0.3,920,99.9,95.85,
Ask,,,0.4,910,95.8,,
Bid,,,0.35,910,89.3,,
Ask,,2.4,0.5,900,83.6,83.2,
Bid,,2.3,0.45,900,82.4,78.15,
Bid,,0.1,0.6,890,72.35,65.25,
Ask,,7.4,0.65,890,73.7,78.05,
Bid,4.8,2.5,0.8,880,63.1,57.1,
Ask,14.85,4.8,0.85,880,63.8,65.15,
Ask,,8.65,1.2,870,54.1,59.55,
Bid,,3.0,1.1,870,53.6,48.75,
Ask,0.0,6.35,1.8,860,44.65,48.2,
Bid,7.5,5.95,1.7,860,44.2,41.25,
Ask,,8.85,2.85,850,35.7,40.15,
Bid,,6.05,2.75,850,35.3,0.0,
Bid,15.65,11.2,4.55,840,27.2,29.95,
Ask,20.8,11.95,4.6,840,27.5,31.4,
Ask,,15.9,7.4,830,20.3,26.9,
Bid,,13.4,7.3,830,20.05,0.0,
Ask,0.0,20.25,11.4,820,14.45,19.6,38.9
Bid,23.2,18.25,11.35,820,14.3,18.85,0.0
Ask,,25.9,16.9,810,9.85,15.1,
Bid,,25.0,16.75,810,9.75,14.25,
Ask,40.0,32.15,23.8,800,6.75,11.0,15.3
Bid,37.0,31.0,23.65,800,6.65,10.7,12.55
Bid,,35.2,31.2,790,4.5,6.4,
Ask,,43.2,31.6,790,4.6,8.95,
Ask,,52.35,40.2,780,3.25,9.1,18.0
Bid,,44.1,39.95,780,3.2,5.85,7.55
Ask,,57.8,49.25,770,2.4,4.65,
Bid,,52.4,48.85,770,2.3,4.5,
Bid,,61.15,58.2,760,1.6,3.4,5.4
Ask,,67.4,58.6,760,1.7,3.55,9.1
Ask,,78.25,68.25,750,1.25,6.5,
Bid,,69.75,67.75,750,1.2,0.1,
Bid,,79.35,77.15,740,0.9,1.95,4.0
Ask,,84.6,77.85,740,0.95,2.25,5.6
Bid,,88.45,86.2,730,0.7,1.1,
Ask,,95.6,88.65,730,0.75,2.45,
Bid,,98.05,95.35,720,0.5,0.8,1.1
Ask,,106.05,100.05,720,0.6,2.85,0.0
Ask,,,,710,0.45,,
Bid,,,,710,0.4,,
Bid,,119.65,116.15,700,0.3,0.4,
Ask,,121.45,117.4,700,0.35,1.9,
Ask,,143.9,140.05,680,0.2,1.5,0.0
Bid,,136.9,134.9,680,0.15,0.1,0.2
Chain,CE_11-25,CE_10-25,CE_09-25,strikePrice,PE_09-25,PE_10-25,PE_11-25
Bid,,,0.5,1920,,,
Ask,,,0.65,1920,,,
Ask,,,0.95,1880,302.3,,
Bid,,,0.4,1880,288.55,,
Ask,0.0,17.25,0.95,1840,262.15,268.6,
Bid,0.1,0.25,0.45,1840,247.9,242.2,
Ask,,13.85,0.85,1800,221.85,226.5,
Bid,,2.6,0.7,1800,211.0,203.15,
Bid,,,0.85,1780,,,
Ask,,,1.1,1780,,,
Bid,,3.75,1.3,1760,169.0,165.85,
Ask,,11.65,1.4,1760,182.8,183.9,
Ask,,0.0,1.95,1740,163.55,186.9,
Bid,,0.25,1.75,1740,149.05,140.0,
Ask,,0.0,3.0,1720,143.55,178.35,
Bid,,0.2,2.65,1720,132.15,123.9,
Ask,,0.0,4.15,1700,119.4,159.1,
Bid,,0.0,3.9,1700,118.15,105.05,
Bid,,0.0,5.5,1680,96.55,85.65,
Ask,,0.0,5.7,1680,100.85,137.4,
Ask,,46.0,8.15,1660,88.4,120.5,
Bid,,0.0,8.1,1660,79.1,0.0,
Ask,,46.1,11.65,1640,67.45,100.35,
Bid,,0.0,11.55,1640,66.05,0.0,
Ask,,45.75,17.0,1620,52.6,81.0,
Bid,,0.0,16.8,1620,51.65,48.8,
Ask,,47.55,24.3,1600,40.25,61.1,
Bid,,44.25,24.2,1600,39.5,47.55,
Bid,,43.6,33.95,1580,29.55,35.55,
Ask,,66.75,34.15,1580,29.95,65.65,
Ask,,84.15,46.5,1560,22.2,56.85,
Bid,,48.95,46.25,1560,21.75,25.3,
Ask,,117.1,60.75,1540,16.25,64.35,
Bid,,48.35,59.2,1540,16.0,0.0,
Ask,,0.0,76.35,1520,11.9,0.0,
Bid,,68.1,75.45,1520,11.6,0.0,
Bid,,88.95,89.1,1500,8.65,0.0,
Ask,,0.0,92.95,1500,8.9,0.0,
Ask,,0.0,110.65,1480,6.35,0.0,
Bid,,106.45,109.5,1480,6.15,5.0,
Bid,,124.8,121.75,1460,4.5,3.15,
Ask,,0.0,134.1,1460,4.6,0.0,
Bid,,148.05,141.0,1440,3.3,3.1,
Ask,,0.0,153.05,1440,3.45,0.0,
Bid,,162.75,159.9,1420,2.3,1.05,
Ask,,215.35,171.6,1420,2.45,0.0,
Ask,,212.0,190.05,1400,1.7,18.95,0.0
Bid,,186.55,179.55,1400,1.6,3.1,0.05
Bid,,223.65,216.75,1360,0.9,0.5,
Ask,,256.65,230.25,1360,1.0,23.3,
Ask,,293.0,270.8,1320,1.45,0.0,
Bid,,261.45,256.7,1320,0.4,0.5,
Chain,CE_11-25,CE_10-25,CE_09-25,strikePrice,PE_09-25,PE_10-25,PE_11-25
Bid,,,,3920,679.05,,
Ask,,,,3920,898.9,,
Ask,,,1.15,3760,,,
Bid,,,0.8,3760,,,
Ask,,,1.5,3640,522.95,,
Bid,,,1.0,3640,515.95,,
Ask,26.0,5.65,1.5,3600,482.0,487.8,
Bid,10.0,5.55,1.4,3600,471.05,458.75,
Bid,,4.85,1.35,3560,432.2,322.5,
Ask,,19.5,1.65,3560,452.9,500.0,
Bid,0.0,6.15,1.55,3520,395.95,386.2,
Ask,35.0,9.95,1.6,3520,405.3,413.2,
Ask,,41.05,1.95,3480,369.15,460.55,
Bid,,3.0,1.85,3480,354.15,257.85,
Ask,45.0,14.5,2.5,3440,325.45,423.1,
Bid,0.0,13.25,2.45,3440,320.0,227.6,
Bid,,17.6,3.55,3400,280.5,283.2,
Ask,,18.3,3.65,3400,283.3,297.9,
Bid,,,4.25,3380,258.15,,
Ask,,,4.35,3380,272.6,,
Bid,0.0,22.6,5.15,3360,241.4,245.3,
Ask,65.0,24.5,5.25,3360,255.9,271.75,
Bid,,25.05,6.4,3340,223.95,229.35,
Ask,,30.2,6.5,3340,228.95,255.65,
Bid,0.0,18.2,8.0,3320,206.5,212.55,
Ask,80.0,31.7,8.2,3320,209.3,230.15,
Bid,,33.4,10.05,3300,188.1,204.0,
Ask,,34.7,10.1,3300,190.45,209.3,
Ask,,40.2,12.5,3280,179.8,197.7,
Bid,,37.95,12.3,3280,167.5,182.9,
Ask,,48.05,15.45,3260,155.8,193.7,
Bid,,40.15,15.25,3260,154.0,163.85,
Ask,100.0,51.0,19.15,3240,139.65,176.5,0.0
Bid,0.0,48.3,19.0,3240,138.1,152.35,0.0
Bid,,52.3,23.2,3220,122.45,137.25,
Ask,,62.25,23.5,3220,126.3,163.95,
Bid,0.0,61.35,28.75,3200,108.7,133.05,109.0
Ask,0.0,62.7,28.95,3200,109.4,137.2,0.0
Ask,,77.7,34.8,3180,95.55,124.6,
Bid,,61.7,34.55,3180,94.5,120.45,
Bid,,75.95,41.6,3160,81.6,108.85,
Ask,,79.15,41.85,3160,82.65,112.65,
Ask,,87.8,49.95,3140,70.8,101.2,
Bid,,84.8,49.4,3140,69.85,97.95,
Bid,,93.75,59.0,3120,59.3,87.5,95.0
Ask,,97.15,59.3,3120,60.0,90.65,110.0
Bid,,104.25,69.25,3100,49.8,78.2,
Ask,,107.3,70.15,3100,50.5,80.55,
Bid,,109.95,80.55,3080,41.35,69.0,
Ask,,126.0,81.1,3080,42.05,71.95,
Bid,,118.7,92.75,3060,34.0,60.25,
Ask,,133.8,98.65,3060,34.5,63.6,
Ask,,151.15,107.4,3040,28.35,55.95,
Bid,,128.25,106.3,3040,27.85,53.2,
Ask,,167.6,128.65,3020,23.1,56.45,
Bid,,136.6,120.95,3020,22.45,42.85,
Ask,204.0,168.9,137.9,3000,18.45,41.95,0.0
Bid,0.0,164.6,137.0,3000,18.15,41.2,0.0
Ask,,192.4,154.05,2980,14.85,41.9,
Bid,,163.95,152.4,2980,14.55,20.4,
Ask,,204.7,173.1,2960,11.9,31.7,
Bid,,192.35,169.35,2960,11.65,29.95,
Ask,,231.9,192.25,2940,9.55,41.55,
Bid,,195.65,174.1,2940,9.35,14.6,
Bid,,215.7,191.45,2920,7.15,22.1,
Ask,,233.75,211.25,2920,7.9,22.9,
Bid,,224.7,224.05,2900,6.25,0.0,
Ask,,264.6,225.4,2900,6.4,34.15,
Bid,,245.1,229.45,2880,5.1,9.0,0.0
Ask,,271.35,245.9,2880,5.35,22.65,0.0
Bid,,262.8,248.0,2860,4.15,0.0,
Ask,,304.15,264.45,2860,4.25,34.15,
Bid,,281.1,269.0,2840,3.25,9.55,
Ask,,321.15,284.7,2840,3.6,32.4,
Bid,,,,2820,2.65,,
Ask,,,,2820,3.45,,
Bid,,246.5,316.95,2800,2.55,5.15,10.35
Ask,,460.5,321.05,2800,2.85,10.7,0.0
Ask,,,,2780,2.5,,
Bid,,,,2780,2.05,,
Bid,,278.75,346.4,2760,1.6,2.3,
Ask,,498.75,371.25,2760,2.0,23.75,
Bid,,312.55,385.75,2720,1.05,2.0,0.05
Ask,,537.45,406.15,2720,1.2,7.0,0.0
Bid,,347.65,425.3,2680,0.85,1.2,
Ask,,576.55,450.45,2680,1.3,21.55,
Ask,,615.85,490.0,2640,1.3,21.4,10.0
Bid,,383.85,464.95,2640,0.95,1.6,0.05
Bid,,421.05,506.1,2600,1.0,1.75,
Ask,,655.35,525.75,2600,1.15,19.0,
Ask,,,,2560,1.2,,
Bid,,,,2560,0.8,,
Chain,CE_11-25,CE_10-25,CE_09-25,strikePrice,PE_09-25,PE_10-25,PE_11-25
Bid,,0.15,0.55,1260,147.25,113.9,
Ask,,6.5,1.55,1260,155.7,196.1,
Ask,0.0,17.7,1.25,1240,135.55,145.85,
Bid,0.1,0.2,1.2,1240,127.75,120.75,
Ask,,13.0,2.05,1220,117.35,121.35,
Bid,,0.3,1.85,1220,108.6,101.1,
Ask,,17.95,2.65,1210,107.85,116.6,
Bid,,0.05,2.4,1210,99.3,90.9,
Bid,,5.1,3.15,1200,91.5,85.8,
Ask,,13.0,3.25,1200,97.5,101.0,
Bid,,0.65,4.1,1190,80.8,71.45,
Ask,,21.95,4.2,1190,89.25,101.35,
Ask,,18.1,5.35,1180,80.5,86.4,
Bid,,1.85,5.2,1180,72.05,66.0,
Ask,,34.25,6.85,1170,71.5,90.95,
Bid,,0.0,6.65,1170,64.05,55.8,
Bid,,0.0,8.35,1160,59.4,46.1,
Ask,,34.2,8.55,1160,60.15,83.6,
Ask,,30.55,10.75,1150,56.3,69.45,
Bid,,2.5,10.6,1150,48.8,0.0,
Ask,,30.3,13.6,1140,47.35,67.9,
Bid,,0.0,13.3,1140,44.4,0.0,
Ask,,35.95,16.7,1130,41.5,55.7,
Bid,,0.0,16.4,1130,34.5,0.0,
Ask,,38.45,20.5,1120,32.2,47.8,
Bid,,17.7,20.2,1120,31.65,0.0,
Ask,,49.6,25.1,1110,26.45,48.9,
Bid,,27.45,24.6,1110,26.0,0.0,
Bid,,44.2,29.65,1100,21.25,27.55,
Ask,,46.75,30.0,1100,21.65,35.9,
Ask,,64.7,35.9,1090,17.6,38.75,
Bid,,40.1,34.05,1090,17.1,17.9,
Bid,,40.95,41.65,1080,13.55,14.7,
Ask,,77.25,42.35,1080,13.8,39.75,
Ask,,85.4,49.35,1070,11.0,39.9,
Bid,,49.6,48.75,1070,10.65,9.25,
Bid,,59.1,56.3,1060,8.3,9.5,
Ask,,97.05,56.95,1060,8.55,39.9,
Bid,,71.05,63.1,1050,6.35,11.7,
Ask,,104.6,64.95,1050,6.6,0.0,
Bid,,71.9,69.65,1040,4.85,5.9,
Ask,,111.5,74.95,1040,4.95,38.55,
Bid,,79.35,77.5,1030,3.65,4.5,
Ask,,122.7,85.85,1030,3.7,0.0,
Bid,,91.95,86.4,1020,2.65,3.4,
Ask,,131.65,95.05,1020,2.8,0.0,
Ask,,131.65,104.1,1010,2.05,31.45,
Bid,,99.15,95.5,1010,1.95,0.2,
Ask,,126.7,110.55,1000,1.55,9.5,0.0
Bid,,112.75,107.65,1000,1.45,3.6,0.0
Bid,,119.2,114.4,990,0.95,0.15,
Ask,,140.45,123.95,990,1.2,13.85,
Ask,,150.4,132.6,980,0.95,13.9,
Bid,,128.35,124.75,980,0.7,0.15,
Bid,,138.95,134.45,970,0.5,0.15,
Ask,,160.3,142.55,970,0.65,13.9,
Bid,,148.85,143.55,960,0.4,0.15,
Ask,,170.65,152.15,960,0.8,13.9,
Bid,,,154.2,950,0.3,,
Ask,,,162.0,950,0.6,,
Ask,,217.15,171.8,940,0.3,22.6,
Bid,,127.55,163.2,940,0.2,0.15,
Bid,,145.35,183.9,920,0.1,0.15,
Ask,,236.75,192.45,920,1.1,0.0,
Ask,,256.45,211.5,900,0.35,0.0,
Bid,,163.85,203.7,900,0.1,0.1,
Chain,CE_11-25,CE_10-25,CE_09-25,strikePrice,PE_09-25,PE_10-25,PE_11-25
Bid,,,0.35,840,142.45,,
Ask,,,0.4,840,144.3,,
Ask,3.4,2.85,0.8,800,104.05,105.05,
Bid,3.05,2.8,0.7,800,102.95,102.55,
Ask,22.75,7.85,1.3,780,84.9,91.55,
Bid,1.5,0.25,1.2,780,84.05,80.4,
Ask,,,1.8,770,77.4,,
Bid,,,1.7,770,73.7,,
Bid,5.15,6.1,2.45,760,65.5,66.0,
Ask,11.95,6.45,2.55,760,66.25,71.6,
Bid,,7.7,3.5,750,56.6,57.8,
Ask,,8.05,3.55,750,57.35,62.05,
Ask,11.9,9.95,4.85,740,48.5,51.85,
Bid,9.05,9.1,4.8,740,48.0,49.3,
Ask,,12.6,6.7,730,40.45,47.5,
Bid,,7.25,6.6,730,39.8,38.7,
Ask,19.9,15.65,9.1,720,32.95,37.6,
Bid,0.0,13.6,9.05,720,32.45,34.6,
Bid,,13.65,12.35,710,25.85,28.85,
Ask,,19.3,12.45,710,26.15,31.25,
Ask,23.8,23.25,16.7,700,20.4,25.6,40.0
Bid,22.05,23.0,16.5,700,20.2,24.65,0.0
Ask,,28.5,21.7,690,15.5,20.55,
Bid,,26.15,21.5,690,15.35,18.15,
Ask,72.95,34.15,27.65,680,11.55,16.0,0.0
Bid,0.0,31.5,27.5,680,11.4,15.75,0.0
Ask,,40.5,34.6,670,8.45,12.5,
Bid,,36.55,34.2,670,8.35,11.35,
Bid,,42.85,41.25,660,6.0,9.05,9.25
Ask,,47.4,42.4,660,6.1,9.5,10.6
Ask,,55.35,50.55,650,4.35,7.15,
Bid,,50.55,49.75,650,4.3,5.5,
Ask,,63.8,59.15,640,3.15,5.4,26.9
Bid,,59.4,58.65,640,3.05,4.05,3.5
Ask,,76.3,68.45,630,2.25,8.0,
Bid,,63.9,67.7,630,2.2,2.85,
Bid,,74.85,76.75,620,1.6,2.1,1.1
Ask,,80.75,77.9,620,1.7,3.0,0.0
Ask,,91.85,87.3,610,1.2,4.35,
Bid,,84.8,86.5,610,1.15,1.05,
Bid,,94.55,96.05,600,0.8,1.6,0.65
Ask,,99.9,97.05,600,0.85,2.0,0.0
Bid,,,102.65,590,0.6,,
Ask,,,107.8,590,0.65,,
Bid,,113.15,113.05,580,0.4,0.9,1.0
Ask,,121.25,117.6,580,0.5,3.95,0.0
Ask,,,127.45,570,0.35,,
Bid,,,122.3,570,0.3,,
Bid,,132.8,132.2,560,0.2,0.5,0.05
Ask,,139.2,137.3,560,0.25,1.75,0.0
Ask,,,156.7,540,0.3,,
Bid,,,154.4,540,0.25,,
Chain,CE_11-25,CE_10-25,CE_09-25,strikePrice,PE_09-25,PE_10-25,PE_11-25
Bid,,0.9,0.25,190.0,20.8,20.65,
Ask,,1.0,0.3,190.0,22.0,21.8,
Ask,,2.2,0.45,187.5,19.65,20.45,
Bid,,0.5,0.35,187.5,18.4,17.7,
Ask,,1.6,0.55,185.0,16.7,17.45,
Bid,,1.55,0.5,185.0,16.5,16.1,
Ask,,3.0,0.8,182.5,14.95,0.0,
Bid,,0.9,0.7,182.5,13.75,13.1,
Bid,3.4,2.45,1.0,180.0,12.05,12.2,4.2
Ask,4.3,2.55,1.05,180.0,12.25,13.55,0.0
Bid,,1.7,1.45,177.5,10.0,8.95,
Ask,,4.6,1.5,177.5,10.1,12.75,
Ask,0.0,3.95,2.05,175.0,8.2,9.4,
Bid,3.5,3.85,2.0,175.0,8.1,8.9,
Ask,,5.1,2.85,172.5,6.5,8.55,
Bid,,4.65,2.8,172.5,6.4,6.95,
Bid,7.2,6.0,3.85,170.0,5.0,6.3,2.1
Ask,9.95,6.15,3.9,170.0,5.05,6.55,33.65
Ask,,7.5,5.15,167.5,3.85,6.0,
Bid,,7.05,5.1,167.5,3.8,4.4,
Bid,9.75,8.55,6.6,165.0,2.8,4.1,2.05
Ask,19.9,8.95,6.7,165.0,2.85,4.2,0.0
Ask,,11.1,8.4,162.5,2.1,3.4,
Bid,,9.6,8.3,162.5,2.05,3.1,
Ask,19.8,12.25,10.35,160.0,1.55,2.6,6.85
Bid,7.2,11.9,10.3,160.0,1.5,2.5,3.25
Bid,,12.85,12.25,157.5,1.05,1.55,
Ask,,14.8,12.4,157.5,1.1,2.35,
Bid,3.0,15.8,14.4,155.0,0.7,1.5,2.15
Ask,0.0,16.15,14.5,155.0,0.75,1.55,9.95
Ask,,19.0,16.8,152.5,0.55,1.55,
Bid,,17.2,16.7,152.5,0.5,0.95,
Bid,5.4,20.1,19.0,150.0,0.35,0.85,1.45
Ask,0.0,20.65,19.2,150.0,0.4,0.9,1.95
Ask,,24.15,21.6,147.5,0.3,1.7,
Bid,,21.4,21.4,147.5,0.25,0.3,
Bid,0.0,24.25,23.7,145.0,0.15,0.5,0.25
Ask,0.0,25.65,24.0,145.0,0.2,0.6,9.85
Bid,,26.15,25.5,142.5,0.15,0.1,
Ask,,28.45,26.9,142.5,0.2,1.15,
Bid,0.0,28.9,28.6,140.0,0.1,0.3,0.15
Ask,0.0,30.25,28.85,140.0,0.15,0.4,0.0
Ask,,,32.05,137.5,0.15,,
Bid,,,30.5,137.5,0.1,,
Bid,,33.7,33.0,135.0,0.05,0.1,
Ask,,35.05,34.25,135.0,0.1,0.45,
Ask,45.0,39.9,39.25,130.0,0.1,0.2,6.5
Bid,32.0,38.55,37.9,130.0,0.05,0.1,0.25
Chain,CE_10-25,CE_09-25,strikePrice,PE_09-25,PE_10-25
Bid,0.2,0.35,1760,237.55,228.9
Ask,0.0,0.75,1760,250.25,305.6
Ask,0.0,1.6,1720,211.5,267.7
Bid,1.05,0.45,1720,198.3,191.85
Ask,0.0,1.4,1680,168.1,221.8
Bid,0.0,1.2,1680,162.2,150.95
Ask,0.0,2.15,1660,152.05,0.0
Bid,0.0,1.6,1660,139.8,130.9
Bid,0.0,2.85,1640,121.0,111.1
Ask,0.0,3.0,1640,132.4,195.35
Bid,0.0,4.45,1620,107.0,93.1
Ask,55.25,4.6,1620,113.2,177.05
Ask,0.0,7.0,1600,91.65,161.8
Bid,0.0,6.8,1600,87.45,73.4
Ask,0.0,10.6,1580,75.05,0.0
Bid,0.0,10.15,1580,72.35,0.0
Ask,0.0,15.65,1560,60.0,0.0
Bid,0.0,15.0,1560,58.3,0.0
Bid,0.0,21.4,1540,44.15,0.0
Ask,0.0,22.2,1540,46.8,0.0
Ask,0.0,31.3,1520,38.45,0.0
Bid,0.0,30.35,1520,34.4,0.0
Ask,0.0,41.85,1500,26.05,0.0
Bid,0.0,40.9,1500,25.2,36.0
Ask,142.25,57.1,1480,18.5,0.0
Bid,0.0,53.2,1480,18.1,28.6
Ask,144.5,69.2,1460,13.05,0.0
Bid,62.8,67.45,1460,12.4,20.85
Bid,81.55,79.5,1440,8.55,16.5
Ask,144.15,88.45,1440,9.2,0.0
Ask,144.5,102.15,1420,6.0,49.4
Bid,102.95,99.1,1420,5.75,10.75
Ask,139.15,120.05,1400,4.0,15.3
Bid,124.9,117.75,1400,3.8,10.05
Bid,134.85,131.1,1380,2.45,0.2
Ask,165.7,143.1,1380,2.9,20.5
Ask,186.2,161.5,1360,2.0,20.5
Bid,154.6,150.2,1360,1.55,0.2
Bid,175.55,168.65,1340,1.0,0.2
Ask,205.95,182.0,1340,2.2,20.5
Bid,194.15,188.4,1320,0.4,0.2
Ask,224.8,200.35,1320,1.6,20.5
Bid,,209.4,1300,0.3,
Ask,,220.5,1300,1.4,
Ask,265.05,240.85,1280,1.35,20.5
Bid,234.3,228.0,1280,0.4,0.2
Bid,274.35,268.9,1240,0.15,0.15
Ask,304.35,280.75,1240,1.5,20.5
Ask,,320.25,1200,0.75,
Bid,,306.9,1200,0.1,
Chain,CE_11-25,CE_10-25,CE_09-25,strikePrice,PE_09-25,PE_10-25,PE_11-25
Bid,,,1.7,4200,483.25,,
Ask,,,2.25,4200,509.75,,
Ask,,15.0,3.25,4100,413.5,404.2,
Bid,,7.0,2.9,4100,386.55,374.85,
Ask,,42.35,6.0,4000,307.25,331.4,
Bid,,10.65,5.75,4000,303.15,275.5,
Ask,,55.75,8.85,3950,267.55,302.6,
Bid,,0.0,7.3,3950,243.4,0.0,
Bid,,20.8,13.1,3900,210.15,0.0,
Ask,,50.0,13.45,3900,216.4,241.5,
Bid,,38.3,20.3,3850,155.8,0.0,
Ask,,83.25,21.15,3850,182.95,225.3,
Ask,,102.15,32.65,3800,133.25,193.4,
Bid,,55.95,32.0,3800,131.3,0.0,
Ask,,122.5,50.0,3750,99.45,165.8,
Bid,,82.6,48.25,3750,98.2,0.0,
Bid,,118.0,70.25,3700,71.05,0.0,
Ask,,138.55,71.0,3700,71.8,136.4,
Ask,,176.15,99.05,3650,49.8,115.1,
Bid,,123.5,96.45,3650,49.0,0.0,
Bid,,157.9,129.7,3600,31.55,0.0,
Ask,,204.7,131.6,3600,32.65,75.0,
Ask,,273.25,170.5,3550,20.9,92.25,
Bid,,188.7,165.4,3550,20.05,0.0,
Ask,,262.65,212.1,3500,13.0,35.0,90.0
Bid,,240.75,207.4,3500,12.55,31.7,0.0
Bid,,257.2,253.25,3450,7.9,0.0,
Ask,,329.35,258.2,3450,9.25,48.25,
Bid,,306.6,294.8,3400,4.95,0.0,0.0
Ask,,372.5,314.55,3400,5.3,44.6,112.0
Ask,,423.45,364.2,3350,4.25,43.0,
Bid,,355.9,341.25,3350,2.9,0.0,
Bid,,405.45,387.2,3300,2.55,0.0,
Ask,,470.0,413.1,3300,2.65,40.15,
Ask,,515.4,465.35,3250,9.8,38.1,
Bid,,454.9,436.45,3250,1.35,0.0,
Bid,,504.35,484.8,3200,1.5,1.05,
Ask,,564.85,511.2,3200,1.6,0.0,
Bid,,,,3150,0.45,,
Ask,,,,3150,15.65,,
Bid,,603.15,585.15,3100,0.95,1.0,
Ask,,661.05,614.85,3100,1.5,0.0,
Ask,,,712.3,3000,1.35,,0.0
Bid,,,687.0,3000,0.75,,0.1
Bid,,,,2900,0.45,,
Ask,,,,2900,1.2,,
Ask,,,,2800,1.3,,
Bid,,,,2800,0.45,,
Chain,CE_11-25,CE_10-25,CE_09-25,strikePrice,PE_09-25,PE_10-25,PE_11-25
Bid,,,8.05,6400,889.1,,
Ask,,,8.95,6400,925.8,,
Ask,,132.15,47.05,6200,751.5,826.2,
Bid,,0.0,15.0,6200,688.7,650.5,
Ask,,136.85,23.4,6100,642.95,733.05,
Bid,,0.0,22.15,6100,607.05,544.35,
Ask,,112.8,31.75,6000,539.9,610.6,
Bid,,0.0,31.0,6000,529.6,0.0,
Bid,,0.0,42.95,5900,428.55,0.0,
Ask,,129.05,43.8,5900,464.0,525.35,
Bid,,101.0,61.1,5800,356.65,0.0,
Ask,,200.0,61.95,5800,367.3,494.1,
Ask,,295.8,86.45,5700,296.3,492.0,
Bid,,0.0,85.15,5700,282.75,0.0,
Ask,,290.9,119.0,5600,224.9,391.65,450.0
Bid,,0.0,118.05,5600,204.55,0.0,0.0
Ask,,278.95,161.45,5500,167.85,274.5,
Bid,,250.0,160.25,5500,165.25,0.0,
Ask,,394.4,214.95,5400,121.3,293.85,
Bid,,249.35,212.3,5400,119.05,0.0,
Ask,,521.05,278.95,5300,84.0,285.6,
Bid,,260.45,274.85,5300,83.4,0.0,
Ask,,565.0,352.6,5200,57.95,273.95,400.0
Bid,,359.65,347.5,5200,57.5,0.0,0.0
Bid,,456.15,425.45,5100,38.5,0.0,
Ask,,624.95,433.7,5100,39.35,227.25,
Ask,,597.2,540.45,5000,26.5,63.5,200.0
Bid,,561.85,515.3,5000,25.8,56.2,0.0
Bid,,599.65,601.7,4900,14.4,0.0,
Ask,,727.0,628.0,4900,18.3,92.4,
Bid,,690.05,678.5,4800,10.9,0.0,0.0
Ask,,829.75,721.4,4800,14.85,101.3,0.0
Bid,,788.9,775.3,4700,8.0,0.0,
Ask,,928.95,821.75,4700,9.3,103.3,
Ask,,1026.2,918.65,4600,7.0,95.05,
Bid,,877.95,877.7,4600,6.35,0.0,
Bid,,1093.95,1070.6,4400,3.55,0.0,
Ask,,1205.55,1114.15,4400,4.0,0.0,
Ask,,,,4000,3.6,,
Bid,,,,4000,2.55,,
Chain,CE_11-25,CE_10-25,CE_09-25,strikePrice,PE_09-25,PE_10-25,PE_11-25
Bid,,0.0,6.1,14400,1578.6,1181.5,
Ask,,70.0,7.45,14400,1687.65,2078.4,
Ask,,145.5,16.85,14200,1483.25,1560.95,
Bid,,39.15,5.5,14200,1376.6,1294.55,
Ask,,100.5,13.5,14000,1295.05,1319.35,
Bid,,0.0,13.0,14000,1188.9,1094.85,
Ask,,0.0,69.75,13900,1245.55,1346.75,
Bid,,0.0,6.45,13900,1088.7,1005.9,
Bid,,0.0,21.0,13800,1001.3,887.55,
Ask,,0.0,27.0,13800,1109.9,1364.25,
Bid,,0.0,14.55,13700,899.85,788.7,
Ask,,0.0,96.2,13700,1073.15,1277.7,
Ask,,0.0,63.7,13600,930.65,1190.65,
Bid,,0.0,29.2,13600,813.65,703.4,
Ask,,0.0,49.35,13500,827.9,1083.9,
Bid,,0.0,46.25,13500,729.75,603.35,
Bid,,0.0,55.25,13400,639.75,0.0,
Ask,,402.9,64.35,13400,739.85,1007.25,
Bid,,0.0,71.1,13300,559.1,0.0,
Ask,,399.45,77.65,13300,647.75,912.95,
Ask,,397.05,98.75,13200,565.35,825.8,
Bid,,0.0,94.05,13200,490.05,0.0,
Ask,,364.95,128.3,13100,490.45,690.55,
Bid,,0.0,117.65,13100,412.25,386.1,
Bid,350.0,306.35,141.15,13000,345.65,431.9,
Ask,0.0,428.15,153.85,13000,420.9,627.2,
Bid,,299.4,181.3,12900,310.65,348.75,
Ask,,447.05,199.65,12900,327.0,545.8,
Ask,0.0,501.1,231.95,12800,279.55,492.45,0.0
Bid,430.0,400.0,220.15,12800,264.0,336.95,380.0
Bid,,375.35,266.35,12700,212.6,278.15,
Ask,,676.3,283.3,12700,220.5,517.7,
Bid,,403.7,327.95,12600,162.15,266.4,320.0
Ask,,653.3,339.95,12600,182.95,304.55,0.0
Bid,,458.9,395.0,12500,133.7,203.35,
Ask,,662.65,405.15,12500,139.7,309.9,
Bid,,429.4,460.2,12400,95.35,147.35,
Ask,,820.1,472.45,12400,121.85,339.45,
Bid,,0.0,496.6,12300,81.05,0.0,
Ask,,927.3,586.95,12300,91.95,344.55,
Bid,,569.55,583.7,12200,55.8,0.0,
Ask,,1030.8,670.6,12200,65.65,349.6,
Bid,,665.6,654.15,12100,31.9,0.0,
Ask,,1060.85,784.3,12100,112.05,0.0,
Bid,,764.45,786.55,12000,30.35,0.0,
Ask,,1026.7,803.55,12000,38.4,139.5,
Bid,,863.3,820.35,11900,5.15,0.0,
Ask,,1170.25,983.0,11900,85.35,184.2,
Bid,,962.2,920.75,11800,10.2,0.0,
Ask,,1269.15,1046.45,11800,85.45,184.25,
Ask,,1323.25,1150.8,11700,83.75,184.25,
Bid,,1061.05,1019.45,11700,10.2,0.0,
Bid,,1159.9,1124.75,11600,9.45,,
Ask,,1422.15,1223.55,11600,12.3,,
Ask,,1521.0,1321.2,11500,11.95,,
Bid,,1258.75,1214.65,11500,9.5,,
Bid,,1357.6,1318.95,11400,7.0,,
Ask,,1619.85,1430.85,11400,41.25,,
Bid,,1204.35,1505.7,11200,6.5,,
Ask,,2166.85,1629.9,11200,0.0,,
Bid,,,,11100,7.05,,
Ask,,,,11100,13.95,,
Ask,,2360.45,1825.15,11000,11.95,0.0,
Bid,,1373.15,1714.75,11000,8.25,5.0,
Bid,,,,10800,2.7,,
Ask,,,,10800,9.45,,
Ask,,,,10600,9.95,,
Bid,,,,10600,1.1,,
Chain,CE_11-25,CE_10-25,CE_09-25,strikePrice,PE_09-25,PE_10-25,PE_11-25
Bid,,,0.05,310.0,,,
Ask,,,0.1,310.0,,,
Ask,,,0.15,300.0,,,
Bid,,,0.1,300.0,,,
Ask,,,0.15,295.0,46.9,,
Bid,,,0.1,295.0,44.75,,
Ask,20.0,0.8,0.2,290.0,41.35,58.7,
Bid,0.1,0.5,0.15,290.0,40.65,20.1,
Bid,,0.25,0.15,285.0,34.9,35.3,
Ask,,2.3,0.2,285.0,36.95,39.8,
Bid,1.55,1.2,0.2,280.0,30.9,32.0,
Ask,16.85,1.35,0.25,280.0,31.4,33.15,
Ask,26.1,3.55,0.4,275.0,27.35,30.15,
Bid,0.5,0.9,0.35,275.0,25.35,26.1,
Ask,,3.5,0.5,272.5,24.2,27.9,
Bid,,1.15,0.4,272.5,23.8,24.05,
Bid,3.75,2.4,0.6,270.0,21.45,23.6,0.0
Ask,23.9,2.5,0.65,270.0,21.85,24.3,0.0
Bid,,2.3,0.8,267.5,19.2,20.1,
Ask,,3.55,0.85,267.5,19.7,23.85,
Ask,29.1,3.5,1.15,265.0,17.45,21.4,0.0
Bid,1.8,3.2,1.05,265.0,17.0,18.4,0.0
Ask,,4.55,1.5,262.5,15.2,20.0,
Bid,,3.5,1.4,262.5,14.8,16.35,
Ask,7.35,4.75,1.95,260.0,13.1,16.5,0.0
Bid,6.2,4.55,1.9,260.0,12.8,16.05,0.05
Ask,,5.95,2.55,257.5,11.15,16.05,
Bid,,4.5,2.45,257.5,10.9,12.8,
Ask,0.0,6.35,3.25,255.0,9.45,14.35,0.0
Bid,1.0,6.05,3.2,255.0,9.2,12.4,2.0
Bid,,7.0,4.05,252.5,7.6,10.9,
Ask,,7.35,4.1,252.5,7.8,12.8,
Bid,5.35,8.1,5.1,250.0,6.25,9.85,8.2
Ask,0.0,8.4,5.2,250.0,6.35,10.25,13.0
Bid,,8.1,6.3,247.5,5.0,8.15,
Ask,,10.0,6.45,247.5,5.1,10.2,
Bid,2.0,9.4,7.65,245.0,3.9,7.0,2.0
Ask,0.0,11.25,7.85,245.0,4.0,8.4,0.0
Bid,,11.45,9.2,242.5,3.0,5.85,
Ask,,13.8,9.45,242.5,3.1,7.75,
Bid,0.0,13.45,10.9,240.0,2.3,5.4,5.5
Ask,20.0,13.9,11.2,240.0,2.35,5.55,0.0
Ask,,17.4,13.25,237.5,1.8,5.55,
Bid,,13.7,12.85,237.5,1.7,3.85,
Ask,,19.6,15.1,235.0,1.35,4.95,0.0
Bid,,15.35,14.8,235.0,1.25,3.1,0.5
Ask,,20.95,17.35,232.5,1.0,4.1,
Bid,,17.25,16.45,232.5,0.9,2.65,
Bid,,20.45,19.2,230.0,0.65,2.65,0.4
Ask,,21.4,19.5,230.0,0.75,2.8,0.0
Ask,,24.8,23.4,227.5,0.6,3.05,
Bid,,20.15,20.55,227.5,0.45,0.25,
Bid,,23.35,23.8,225.0,0.35,1.15,
Ask,,26.7,24.25,225.0,0.45,2.5,
Bid,,28.3,28.55,220.0,0.2,1.25,
Ask,,30.6,29.15,220.0,0.25,1.4,
Bid,,32.4,32.75,215.0,0.1,0.3,
Ask,,35.55,35.0,215.0,0.2,1.45,
Ask,,62.2,40.35,210.0,0.15,0.95,
Bid,,23.7,37.6,210.0,0.1,0.25,
Bid,,,,205.0,0.05,,
Ask,,,,205.0,0.15,,
Ask,,,49.95,200.0,0.1,,
Bid,,,47.35,200.0,0.05,,
