ADANIENT,1,159,ADANIENT,2422.3,445.61,27,2025-06-13,0.05,1.260331,93,024 cr,7,683 cr,strong_buy,2025.0,2025.0,2025.0,2254.62,2039.79,1751.47,1.98,5.38,11.64,nan,nan,nan,nan,nan,nan,nan,nan,nan,nan,nan,nan,nan
ADANIPORTS,160,212,ADANIPORTS,1479.8,310.464,22,2025-06-13,0.47,7.0,34,745 cr,11,958 cr,strong_buy,995.65,995.65,995.65,1412.54,1190.57,1097.5,1.57,4.13,9.32,nan,nan,nan,nan,nan,nan,nan,nan,nan,nan,nan,nan,nan
APOLLOHOSP,213,311,APOLLOHOSP,7391.0,632.453,101,2025-08-19,0.14,10.0,23,264 cr,1,671 cr,buy,6001.0,6001.0,3361.55,7108.68,6880.55,6059.42,1.23,3.56,8.32,nan,nan,nan,nan,nan,nan,nan,nan,nan,nan,nan,nan,nan
ASIANPAINT,312,428,ASIANPAINT,2876.6,204.34,30,2025-11-18,0.16,4.5,34,332 cr,3,896 cr,hold,2124.75,2124.75,2560.0,2584.35,2171.66,1951.68,1.64,4.63,9.04,nan,nan,nan,nan,nan,nan,nan,nan,nan,nan,nan,nan,nan
AXISBANK,429,509,AXISBANK,1275.8,643.264,18,2025-07-04,0.08,1.0,75,778 cr,25,989 cr,buy,933.5,933.5,933.5,1176.95,1034.57,942.01,1.61,3.47,8.08,nan,nan,nan,nan,nan,nan,nan,nan,nan,nan,nan,nan,nan
BAJAJ-AUTO,510,572,BAJAJ-AUTO,8892.0,1223.784,35,2025-06-20,2.36,210.0,55,899 cr,8,330 cr,hold,7089.35,7089.35,3027.05,8476.31,7127.93,7285.88,1.18,3.09,8.83,nan,nan,nan,nan,nan,nan,nan,nan,nan,nan,nan,nan,nan
BAJFINANCE,573,657,BAJFINANCE,1004.1,166.188,8,2025-05-30,0.44,4.4,40,639 cr,18,301 cr,hold,nan,618.78,522.0,958.66,901.48,710.44,1.76,5.1,10.29,nan,nan,nan,nan,nan,nan,nan,nan,nan,nan,nan,nan,nan
BAJAJFINSV,658,736,BAJAJFINSV,2052.4,480.6,21,2025-06-27,0.05,1.0,139,269 cr,9,680 cr,buy,1419.05,1419.05,1419.05,1968.37,1866.17,1544.54,1.84,4.82,8.03,nan,nan,nan,nan,nan,nan,nan,nan,nan,nan,nan,nan,nan
BHARTIARTL,737,815,BHARTIARTL,2162.7,203.273,3,2025-07-18,0.74,16.0,194,613 cr,38,542 cr,buy,nan,735.8,628.75,2006.18,1791.69,1566.77,1.25,4.27,7.78,nan,nan,nan,nan,nan,nan,nan,nan,nan,nan,nan,nan,nan
CIPLA,816,922,CIPLA,1511.8,407.531,75,2025-06-27,1.06,16.0,27,965 cr,5,441 cr,buy,1335.0,1335.0,852.0,1449.2,1402.74,1289.08,1.19,3.87,7.63,nan,nan,nan,nan,nan,nan,nan,nan,nan,nan,nan,nan,nan
COALINDIA,923,1101,COALINDIA,378.2,171.077,38,2025-11-04,2.71,10.25,130,505 cr,31,207 cr,buy,349.25,349.25,109.55,369.53,325.1,300.35,1.12,3.32,6.75,nan,nan,nan,nan,nan,nan,nan,nan,nan,nan,nan,nan,nan
DRREDDY,1102,1192,DRREDDY,1243.9,430.609,106,2025-07-10,0.64,8.0,34,215 cr,5,862 cr,hold,1020.0,1020.0,730.8,1163.53,1117.99,1042.23,1.21,3.88,8.76,nan,nan,nan,nan,nan,nan,nan,nan,nan,nan,nan,nan,nan
EICHERMOT,1193,1281,EICHERMOT,7134.5,805.256,42,2025-08-01,0.98,70.0,21,290 cr,5,107 cr,buy,nan,2836.0,2159.55,6514.33,6129.23,4851.59,2.25,4.41,7.88,nan,nan,nan,nan,nan,nan,nan,nan,nan,nan,nan,nan,nan
ETERNAL,1282,1340,ETERNAL,301.95,33.193,31,None,nan,nan,31,995 cr,188 cr,buy,194.8,194.8,40.6,282.79,260.85,nan,2.63,7.22,12.73,nan,nan,nan,nan,nan,nan,nan,nan,nan,nan,nan,nan,nan
GRASIM,1341,1439,GRASIM,2734.8,1468.673,47,2025-08-12,0.37,10.0,159,663 cr,4,288 cr,buy,2276.95,2276.95,1271.54,2676.02,2531.65,2232.54,1.17,4.2,9.57,nan,nan,nan,nan,nan,nan,nan,nan,nan,nan,nan,nan,nan
HCLTECH,1440,1502,HCLTECH,1608.0,2.965,15,2025-10-17,0.75,12.0,1,422 cr,197 cr,buy,1302.75,1302.75,877.35,1485.17,1221.45,1335.97,2.04,4.6,10.32,nan,nan,nan,nan,nan,nan,nan,nan,nan,nan,nan,nan,nan
HDFCBANK,1503,1595,HDFCBANK,998.05,354.079,2,2025-07-25,0.25,2.5,268,370 cr,72,360 cr,strong_buy,nan,681.78,681.78,966.59,900.69,807.82,1.26,2.92,5.1,nan,nan,nan,nan,nan,nan,nan,nan,nan,nan,nan,nan,nan
HDFCLIFE,1596,1652,HDFCLIFE,764.0,78.523,53,2025-06-20,0.27,2.1,91,846 cr,1,893 cr,buy,584.3,584.3,511.4,730.81,670.14,nan,1.3,3.89,9.15,nan,nan,nan,nan,nan,nan,nan,nan,nan,nan,nan,nan,nan
HEROMOTOCO,1653,1747,HEROMOTOCO,6002.5,1049.694,79,2025-07-24,1.08,65.0,42,175 cr,5,283 cr,buy,3344.0,3344.0,2246.0,5285.15,4387.58,3770.12,2.12,4.53,9.3,nan,nan,nan,nan,nan,nan,nan,nan,nan,nan,nan,nan,nan
HINDALCO,1748,1814,HINDALCO,777.7,607.505,50,2025-08-08,0.64,5.0,253,570 cr,17,763 cr,hold,546.45,546.45,308.95,757.7,672.86,569.68,1.7,5.45,9.59,nan,nan,nan,nan,nan,nan,nan,nan,nan,nan,nan,nan,nan
HINDUNILVR,1815,1897,HINDUNILVR,2433.7,207.383,9,2025-11-07,0.78,19.0,64,243 cr,10,889 cr,buy,2136.0,2136.0,2172.05,2299.87,2198.57,2062.95,1.24,3.79,8.18,nan,nan,nan,nan,nan,nan,nan,nan,nan,nan,nan,nan,nan
ICICIBANK,1898,1986,ICICIBANK,1369.5,469.65,5,2025-08-12,0.8,11.0,190,934 cr,53,300 cr,strong_buy,1186.0,1186.0,268.3,1317.73,1273.35,1159.7,1.14,3.42,6.23,nan,nan,nan,nan,nan,nan,nan,nan,nan,nan,nan,nan,nan
INDUSINDBK,1987,2061,INDUSINDBK,846.55,835.417,159,2024-06-28,1.95,16.5,15,540 cr,-759 cr,underperform,606.0,606.0,763.2,783.15,586.96,403.79,2.58,5.58,11.76,nan,nan,nan,nan,nan,nan,nan,nan,nan,nan,nan,nan,nan
INFY,2062,2116,INFY,1545.0,2.807,7,2025-10-27,1.49,23.0,1,968 cr,326 cr,buy,1307.0,1307.0,1185.3,1431.26,1250.94,1251.1,1.92,4.44,8.29,nan,nan,nan,nan,nan,nan,nan,nan,nan,nan,nan,nan,nan
ITC,2117,2213,ITC,407.85,56.707,12,2025-05-28,1.92,7.85,78,551 cr,20,176 cr,strong_buy,390.15,390.15,399.35,394.88,368.05,354.06,1.16,2.79,6.14,nan,nan,nan,nan,nan,nan,nan,nan,nan,nan,nan,nan,nan
JIOFIN,2214,2254,JIOFIN,303.55,213.244,45,2025-08-11,0.16,0.5,2,262 cr,1,630 cr,none,198.65,198.65,nan,289.59,280.67,nan,1.79,4.2,11.31,nan,nan,nan,nan,nan,nan,nan,nan,nan,nan,nan,nan,nan
JSWSTEEL,2255,2327,JSWSTEEL,1140.3,340.317,29,2025-07-08,0.25,2.8,174,496 cr,6,027 cr,hold,880.0,880.0,520.05,1126.66,1050.71,864.67,1.84,4.5,7.9,nan,nan,nan,nan,nan,nan,nan,nan,nan,nan,nan,nan,nan
KOTAKBANK,2328,2394,KOTAKBANK,2087.8,845.015,17,2025-07-18,0.12,2.5,72,738 cr,18,574 cr,buy,1679.05,1679.05,1543.85,1978.91,1906.92,1711.24,1.21,3.25,8.56,nan,nan,nan,nan,nan,nan,nan,nan,nan,nan,nan,nan,nan
LT,2395,2499,LT,4024.9,736.989,11,2025-06-03,0.84,34.0,275,513 cr,15,924 cr,buy,2965.3,2965.3,1456.35,3822.05,3475.47,3090.3,1.22,3.35,7.4,nan,nan,nan,nan,nan,nan,nan,nan,nan,nan,nan,nan,nan
M&M,2500,2554,M&M,3749.6,741.994,14,2025-07-04,0.67,25.3,177,813 cr,14,232 cr,strong_buy,2425.0,2425.0,671.15,3502.4,3059.87,2616.91,1.59,3.97,8.45,nan,nan,nan,nan,nan,nan,nan,nan,nan,nan,nan,nan,nan
MARUTI,2555,2649,MARUTI,15977.0,3172.502,13,2025-08-01,0.84,135.0,160,633 cr,14,779 cr,buy,10725.0,10725.0,4001.1,14862.73,13863.95,11227.02,1.47,3.45,7.79,nan,nan,nan,nan,nan,nan,nan,nan,nan,nan,nan,nan,nan
NESTLEIND,2650,2730,NESTLEIND,1280.7,22.996,36,2025-07-04,0.39,5.0,20,970 cr,2,951 cr,hold,1055.0,1055.0,800.0,1203.68,1125.21,1013.65,1.26,3.99,8.01,nan,nan,nan,nan,nan,nan,nan,nan,nan,nan,nan,nan,nan
NTPC,2731,2817,NTPC,326.65,198.221,23,2025-11-07,0.84,2.75,186,754 cr,23,751 cr,strong_buy,292.8,292.8,73.2,317.74,285.39,284.74,1.08,3.12,6.37,nan,nan,nan,nan,nan,nan,nan,nan,nan,nan,nan,nan,nan
ONGC,2818,2930,ONGC,246.95,292.589,24,2025-11-14,2.43,6.0,655,785 cr,36,604 cr,buy,205.0,205.0,50.0,241.83,204.74,193.48,1.55,3.55,6.37,nan,nan,nan,nan,nan,nan,nan,nan,nan,nan,nan,nan,nan
POWERGRID,2931,3017,POWERGRID,277.6,106.531,33,2025-11-10,1.62,4.5,46,180 cr,15,201 cr,buy,247.3,247.3,68.71,264.05,244.08,250.54,1.43,3.7,7.73,nan,nan,nan,nan,nan,nan,nan,nan,nan,nan,nan,nan,nan
RELIANCE,3018,3124,RELIANCE,1546.6,648.12,1,2025-08-14,0.36,5.5,999,629 cr,83,106 cr,strong_buy,1114.85,1114.85,1006.07,1437.26,1270.63,1166.92,1.04,2.96,7.27,nan,nan,nan,nan,nan,nan,nan,nan,nan,nan,nan,nan,nan
SBILIFE,3125,3189,SBILIFE,2022.5,182.376,41,2025-03-07,0.13,2.7,104,008 cr,2,453 cr,strong_buy,1372.55,1372.55,519.4,1919.78,1653.53,nan,1.2,3.03,6.83,nan,nan,nan,nan,nan,nan,nan,nan,nan,nan,nan,nan,nan
SBIN,3190,3312,SBIN,972.6,616.765,6,2025-05-16,1.63,15.9,357,194 cr,80,792 cr,buy,680.0,680.0,149.45,922.91,792.78,695.65,1.12,2.83,6.16,nan,nan,nan,nan,nan,nan,nan,nan,nan,nan,nan,nan,nan
SUNPHARMA,3313,3371,SUNPHARMA,1779.7,324.462,16,2025-07-07,0.31,5.5,54,964 cr,10,449 cr,buy,1553.05,1553.05,312.0,1676.29,1482.14,1445.83,1.24,2.84,7.34,nan,nan,nan,nan,nan,nan,nan,nan,nan,nan,nan,nan,nan
TCS,3372,3474,TCS,3150.6,294.119,4,2025-10-15,0.35,11.0,257,688 cr,49,439 cr,buy,3591.5,3591.5,2926.1,2921.22,2595.98,2757.98,1.19,3.58,8.23,nan,nan,nan,nan,nan,nan,nan,nan,nan,nan,nan,nan,nan
TATACONSUM,3475,3545,TATACONSUM,1183.1,205.423,83,2025-05-29,0.7,8.25,18,796 cr,1,362 cr,buy,882.9,882.9,882.9,1125.58,980.78,897.96,1.78,3.98,6.73,nan,nan,nan,nan,nan,nan,nan,nan,nan,nan,nan,nan,nan
ADANIENT,3546,3704,ADANIENT,2422.3,445.61,27,2025-06-13,0.05,1.260331,93,024 cr,7,683 cr,strong_buy,2025.0,2025.0,2025.0,2254.62,2039.79,1751.47,1.98,5.38,11.64,2423.7,nan,17.5,79.5,nan,16.25,77.8,nan,16.5,95.45,nan,16.0,92.55
ADANIPORTS,3705,3757,ADANIPORTS,1479.8,310.464,22,2025-06-13,0.47,7.0,34,745 cr,11,958 cr,strong_buy,995.65,995.65,995.65,1412.54,1190.57,1097.5,1.57,4.13,9.32,1480.0,59.95,11.05,38.75,0.0,10.55,37.95,76.35,8.35,47.45,0.0,8.0,46.9
APOLLOHOSP,3758,3856,APOLLOHOSP,7391.0,632.453,101,2025-08-19,0.14,10.0,23,264 cr,1,671 cr,buy,6001.0,6001.0,3361.55,7108.68,6880.55,6059.42,1.23,3.56,8.32,7400.0,217.3,60.65,149.8,0.0,58.8,125.05,313.9,44.4,189.65,249.85,42.2,185.0
ASIANPAINT,3857,3973,ASIANPAINT,2876.6,204.34,30,2025-11-18,0.16,4.5,34,332 cr,3,896 cr,hold,2124.75,2124.75,2560.0,2584.35,2171.66,1951.68,1.64,4.63,9.04,2880.0,94.45,17.1,62.9,76.7,15.65,62.1,116.15,12.8,82.35,90.85,12.05,74.4
AXISBANK,3974,4054,AXISBANK,1275.8,643.264,18,2025-07-04,0.08,1.0,75,778 cr,25,989 cr,buy,933.5,933.5,933.5,1176.95,1034.57,942.01,1.61,3.47,8.08,1280.0,39.2,13.15,27.0,35.1,12.8,26.45,46.2,4.75,29.05,43.6,4.6,28.4
BAJAJ-AUTO,4055,4117,BAJAJ-AUTO,8892.0,1223.784,35,2025-06-20,2.36,210.0,55,899 cr,8,330 cr,hold,7089.35,7089.35,3027.05,8476.31,7127.93,7285.88,1.18,3.09,8.83,8900.0,nan,83.5,237.8,nan,78.6,229.8,nan,52.85,237.8,nan,51.0,234.0
BAJFINANCE,4118,4202,BAJFINANCE,1004.1,166.188,8,2025-05-30,0.44,4.4,40,639 cr,18,301 cr,hold,nan,618.78,522.0,958.66,901.48,710.44,1.76,5.1,10.29,1000.0,30.45,5.95,21.05,29.45,5.75,20.7,52.0,11.25,33.75,41.15,10.85,33.05
BAJAJFINSV,4203,4281,BAJAJFINSV,2052.4,480.6,21,2025-06-27,0.05,1.0,139,269 cr,9,680 cr,buy,1419.05,1419.05,1419.05,1968.37,1866.17,1544.54,1.84,4.82,8.03,2060.0,nan,18.05,50.1,nan,17.2,49.15,nan,11.5,60.6,nan,10.85,59.0
BHARTIARTL,4282,4360,BHARTIARTL,2162.7,203.273,3,2025-07-18,0.74,16.0,194,613 cr,38,542 cr,buy,nan,735.8,628.75,2006.18,1791.69,1566.77,1.25,4.27,7.78,2160.0,59.45,13.7,41.55,48.8,13.0,41.05,80.8,7.9,52.5,0.0,7.55,52.0
CIPLA,4361,4467,CIPLA,1511.8,407.531,75,2025-06-27,1.06,16.0,27,965 cr,5,441 cr,buy,1335.0,1335.0,852.0,1449.2,1402.74,1289.08,1.19,3.87,7.63,1510.0,nan,9.6,34.75,nan,8.85,23.55,nan,11.95,51.45,nan,10.95,40.4
COALINDIA,4468,4646,COALINDIA,378.2,171.077,38,2025-11-04,2.71,10.25,130,505 cr,31,207 cr,buy,349.25,349.25,109.55,369.53,325.1,300.35,1.12,3.32,6.75,377.5,nan,1.7,6.0,nan,1.55,5.55,nan,2.15,9.35,nan,2.0,9.1
DRREDDY,4647,4737,DRREDDY,1243.9,430.609,106,2025-07-10,0.64,8.0,34,215 cr,5,862 cr,hold,1020.0,1020.0,730.8,1163.53,1117.99,1042.23,1.21,3.88,8.76,1240.0,48.3,13.5,31.0,32.5,12.1,30.1,54.2,11.5,37.6,0.0,10.1,31.05
EICHERMOT,4738,4826,EICHERMOT,7134.5,805.256,42,2025-08-01,0.98,70.0,21,290 cr,5,107 cr,buy,nan,2836.0,2159.55,6514.33,6129.23,4851.59,2.25,4.41,7.88,7150.0,nan,67.25,175.0,nan,63.95,168.45,nan,49.2,212.5,nan,45.9,187.25
ETERNAL,4827,4885,ETERNAL,301.95,33.193,31,None,nan,nan,31,995 cr,188 cr,buy,194.8,194.8,40.6,282.79,260.85,nan,2.63,7.22,12.73,300.0,12.8,2.1,9.15,12.05,1.85,9.0,29.1,3.8,13.4,18.3,3.65,13.05
GRASIM,4886,4984,GRASIM,2734.8,1468.673,47,2025-08-12,0.37,10.0,159,663 cr,4,288 cr,buy,2276.95,2276.95,1271.54,2676.02,2531.65,2232.54,1.17,4.2,9.57,2740.0,nan,22.85,54.0,nan,19.8,39.6,nan,10.9,67.2,nan,9.1,60.9
HCLTECH,4985,5047,HCLTECH,1608.0,2.965,15,2025-10-17,0.75,12.0,1,422 cr,197 cr,buy,1302.75,1302.75,877.35,1485.17,1221.45,1335.97,2.04,4.6,10.32,1600.0,59.95,6.35,33.65,45.0,6.1,33.05,79.45,16.75,56.15,0.0,16.25,54.95
HDFCBANK,5048,5140,HDFCBANK,998.05,354.079,2,2025-07-25,0.25,2.5,268,370 cr,72,360 cr,strong_buy,nan,681.78,681.78,966.59,900.69,807.82,1.26,2.92,5.1,1000.0,23.5,6.75,16.3,15.7,6.5,16.05,36.55,5.9,22.65,35.1,5.7,22.6
HDFCLIFE,5141,5197,HDFCLIFE,764.0,78.523,53,2025-06-20,0.27,2.1,91,846 cr,1,893 cr,buy,584.3,584.3,511.4,730.81,670.14,nan,1.3,3.89,9.15,760.0,22.95,3.25,16.95,18.0,3.0,14.5,36.95,5.75,22.95,26.65,5.3,22.3
HEROMOTOCO,5198,5292,HEROMOTOCO,6002.5,1049.694,79,2025-07-24,1.08,65.0,42,175 cr,5,283 cr,buy,3344.0,3344.0,2246.0,5285.15,4387.58,3770.12,2.12,4.53,9.3,6000.0,207.75,41.8,152.95,187.5,40.05,151.0,278.85,50.0,201.2,262.1,49.5,197.3
HINDALCO,5293,5359,HINDALCO,777.7,607.505,50,2025-08-08,0.64,5.0,253,570 cr,17,763 cr,hold,546.45,546.45,308.95,757.7,672.86,569.68,1.7,5.45,9.59,780.0,29.95,7.9,22.0,27.3,7.65,21.7,42.05,5.35,25.75,0.0,5.1,25.0
HINDUNILVR,5360,5442,HINDUNILVR,2433.7,207.383,9,2025-11-07,0.78,19.0,64,243 cr,10,889 cr,buy,2136.0,2136.0,2172.05,2299.87,2198.57,2062.95,1.24,3.79,8.18,2440.0,0.0,13.35,29.45,0.0,12.55,28.7,58.7,10.95,35.0,0.0,10.6,34.7
ICICIBANK,5443,5531,ICICIBANK,1369.5,469.65,5,2025-08-12,0.8,11.0,190,934 cr,53,300 cr,strong_buy,1186.0,1186.0,268.3,1317.73,1273.35,1159.7,1.14,3.42,6.23,1370.0,nan,8.9,21.95,nan,8.7,21.65,nan,7.15,30.65,nan,7.0,30.35
INDUSINDBK,5532,5606,INDUSINDBK,846.55,835.417,159,2024-06-28,1.95,16.5,15,540 cr,-759 cr,underperform,606.0,606.0,763.2,783.15,586.96,403.79,2.58,5.58,11.76,850.0,nan,9.55,27.9,nan,9.3,27.65,nan,5.15,29.6,nan,5.0,29.1
INFY,5607,5661,INFY,1545.0,2.807,7,2025-10-27,1.49,23.0,1,968 cr,326 cr,buy,1307.0,1307.0,1185.3,1431.26,1250.94,1251.1,1.92,4.44,8.29,1540.0,nan,10.5,42.0,nan,10.3,41.6,nan,15.2,47.55,nan,15.1,47.05
ITC,5662,5758,ITC,407.85,56.707,12,2025-05-28,1.92,7.85,78,551 cr,20,176 cr,strong_buy,390.15,390.15,399.35,394.88,368.05,354.06,1.16,2.79,6.14,407.5,nan,1.45,4.9,nan,1.35,4.75,nan,1.95,8.6,nan,1.85,8.5
JIOFIN,5759,5799,JIOFIN,303.55,213.244,45,2025-08-11,0.16,0.5,2,262 cr,1,630 cr,none,198.65,198.65,nan,289.59,280.67,nan,1.79,4.2,11.31,305.0,nan,4.2,8.9,nan,4.0,7.05,nan,1.9,9.0,nan,1.7,8.7
JSWSTEEL,5800,5872,JSWSTEEL,1140.3,340.317,29,2025-07-08,0.25,2.8,174,496 cr,6,027 cr,hold,880.0,880.0,520.05,1126.66,1050.71,864.67,1.84,4.5,7.9,1140.0,51.8,13.5,34.35,0.0,11.85,29.1,69.05,7.4,40.2,39.2,6.1,32.45
KOTAKBANK,5873,5939,KOTAKBANK,2087.8,845.015,17,2025-07-18,0.12,2.5,72,738 cr,18,574 cr,buy,1679.05,1679.05,1543.85,1978.91,1906.92,1711.24,1.21,3.25,8.56,2080.0,60.85,13.3,39.4,0.0,12.35,38.65,97.7,17.35,58.4,69.8,16.2,57.55
LT,5940,6044,LT,4024.9,736.989,11,2025-06-03,0.84,34.0,275,513 cr,15,924 cr,buy,2965.3,2965.3,1456.35,3822.05,3475.47,3090.3,1.22,3.35,7.4,4020.0,nan,15.2,69.95,nan,14.2,67.8,nan,21.55,104.9,nan,20.45,100.3
M&M,6045,6099,M&M,3749.6,741.994,14,2025-07-04,0.67,25.3,177,813 cr,14,232 cr,strong_buy,2425.0,2425.0,671.15,3502.4,3059.87,2616.91,1.59,3.97,8.45,3750.0,nan,34.95,102.6,nan,34.2,101.3,nan,29.35,125.85,nan,28.75,124.8
MARUTI,6100,6194,MARUTI,15977.0,3172.502,13,2025-08-01,0.84,135.0,160,633 cr,14,779 cr,buy,10725.0,10725.0,4001.1,14862.73,13863.95,11227.02,1.47,3.45,7.79,16000.0,0.0,77.0,326.2,325.0,71.85,310.0,0.0,60.0,416.05,0.0,58.0,401.7
NESTLEIND,6195,6275,NESTLEIND,1280.7,22.996,36,2025-07-04,0.39,5.0,20,970 cr,2,951 cr,hold,1055.0,1055.0,800.0,1203.68,1125.21,1013.65,1.26,3.99,8.01,1280.0,41.6,6.3,24.85,24.3,5.65,18.2,57.55,5.9,33.85,0.0,5.3,31.8
NTPC,6276,6362,NTPC,326.65,198.221,23,2025-11-07,0.84,2.75,186,754 cr,23,751 cr,strong_buy,292.8,292.8,73.2,317.74,285.39,284.74,1.08,3.12,6.37,327.5,nan,2.7,6.65,nan,2.55,5.95,nan,0.95,7.8,nan,0.85,7.45
ONGC,6363,6475,ONGC,246.95,292.589,24,2025-11-14,2.43,6.0,655,785 cr,36,604 cr,buy,205.0,205.0,50.0,241.83,204.74,193.48,1.55,3.55,6.37,246.5,nan,1.0,4.8,nan,0.95,4.6,nan,1.15,7.95,nan,0.8,6.45
POWERGRID,6476,6562,POWERGRID,277.6,106.531,33,2025-11-10,1.62,4.5,46,180 cr,15,201 cr,buy,247.3,247.3,68.71,264.05,244.08,250.54,1.43,3.7,7.73,277.5,nan,1.7,5.25,nan,1.55,5.1,nan,1.4,7.4,nan,1.3,7.0
RELIANCE,6563,6669,RELIANCE,1546.6,648.12,1,2025-08-14,0.36,5.5,999,629 cr,83,106 cr,strong_buy,1114.85,1114.85,1006.07,1437.26,1270.63,1166.92,1.04,2.96,7.27,1550.0,nan,12.75,29.65,nan,12.45,29.6,nan,6.5,35.15,nan,6.3,34.9
SBILIFE,6670,6734,SBILIFE,2022.5,182.376,41,2025-03-07,0.13,2.7,104,008 cr,2,453 cr,strong_buy,1372.55,1372.55,519.4,1919.78,1653.53,nan,1.2,3.03,6.83,2020.0,nan,10.5,45.5,nan,8.75,43.15,nan,4.25,55.25,nan,3.8,52.2
SBIN,6735,6857,SBIN,972.6,616.765,6,2025-05-16,1.63,15.9,357,194 cr,80,792 cr,buy,680.0,680.0,149.45,922.91,792.78,695.65,1.12,2.83,6.16,975.0,nan,5.8,17.75,nan,5.65,17.5,nan,2.9,22.8,nan,2.8,22.4
SUNPHARMA,6858,6916,SUNPHARMA,1779.7,324.462,16,2025-07-07,0.31,5.5,54,964 cr,10,449 cr,buy,1553.05,1553.05,312.0,1676.29,1482.14,1445.83,1.24,2.84,7.34,1780.0,nan,12.55,36.05,nan,11.05,32.3,nan,6.8,45.55,nan,6.1,41.4
TCS,6917,7019,TCS,3150.6,294.119,4,2025-10-15,0.35,11.0,257,688 cr,49,439 cr,buy,3591.5,3591.5,2926.1,2921.22,2595.98,2757.98,1.19,3.58,8.23,3160.0,102.9,31.15,70.25,89.6,30.1,68.0,118.8,15.8,78.8,106.85,15.25,78.05
TATACONSUM,7020,7090,TATACONSUM,1183.1,205.423,83,2025-05-29,0.7,8.25,18,796 cr,1,362 cr,buy,882.9,882.9,882.9,1125.58,980.78,897.96,1.78,3.98,6.73,1180.0,41.45,8.1,26.2,31.9,7.8,25.3,57.55,9.6,35.2,43.7,9.15,34.8
TATASTEEL,7091,7147,TATASTEEL,168.0,76.221,40,2025-06-06,2.14,3.6,221,733 cr,6,806 cr,buy,122.62,122.62,122.62,166.96,148.64,125.25,2.37,5.29,10.21,nan,nan,nan,nan,nan,nan,nan,nan,nan,nan,nan,nan,nan
TECHM,7148,7204,TECHM,1461.5,310.382,71,2025-10-20,1.03,15.0,54,015 cr,4,485 cr,hold,1209.4,1209.4,943.7,1350.21,1247.74,1184.74,1.78,3.88,10.7,nan,nan,nan,nan,nan,nan,nan,nan,nan,nan,nan,nan,nan
TITAN,7205,7317,TITAN,3904.2,144.377,19,2025-07-08,0.28,11.0,67,904 cr,4,129 cr,buy,2925.0,2925.0,1825.05,3616.15,3254.93,2896.5,1.46,3.79,9.87,nan,nan,nan,nan,nan,nan,nan,nan,nan,nan,nan,nan,nan
TRENT,7318,7360,TRENT,4359.1,171.62,57,2025-06-12,0.11,5.0,18,574 cr,1,622 cr,hold,4488.0,4488.0,109.5,3966.48,3399.41,4330.73,1.37,4.39,16.9,nan,nan,nan,nan,nan,nan,nan,nan,nan,nan,nan,nan,nan
ULTRACEMCO,7361,7439,ULTRACEMCO,11729.0,2448.889,20,2025-07-25,0.66,77.5,81,724 cr,7,299 cr,buy,10047.85,10047.85,5157.05,11322.38,11029.75,10083.22,1.09,2.85,7.06,nan,nan,nan,nan,nan,nan,nan,nan,nan,nan,nan,nan,nan
WIPRO,7440,7512,WIPRO,244.49,82.193,34,2025-07-28,2.05,5.0,89,654 cr,13,500 cr,hold,228.0,228.0,176.0,231.01,206.92,190.12,1.38,3.66,8.48,nan,nan,nan,nan,nan,nan,nan,nan,nan,nan,nan,nan,nan
