[Equity Support - Nearing List]
Symbol,Rank,MTF,Quality Score,LTP,Day Gap%,Week Gap%,Month Gap%,Volatility%,Details
HEIDELBERG,816,5.0,4,182.5,0.04,0.04,16.3,1.71,
AWFIS,832,5.0,3,545.95,0.08,0.08,,3.11,
ASAHISONG,1444,1.0,3,258.25,0.1,0.1,33.71,2.09,
PAGEIND,214,5.0,3,38900.0,0.13,0.13,14.99,2.63,
ROTO,1250,1.0,2,58.5,0.14,0.14,15.04,5.5,
JUSTDIAL,680,5.0,5,753.45,0.22,0.22,30.98,2.54,
RECLTD,115,5.0,6,358.25,0.25,0.25,77.04,1.25,
BANSALWIRE,750,5.0,4,324.4,0.39,0.39,,3.21,
PCBL,459,5.0,2,332.4,0.42,0.42,73.23,2.68,
VRAJ,1420,1.0,5,135.58,0.43,0.43,,2.38,
SJVN,260,5.0,2,81.03,0.6,0.6,78.71,1.53,
PRAKASH,1011,5.0,3,133.31,0.6,0.6,66.17,3.7,
BAJAJELEC,718,5.0,1,493.2,0.65,0.65,-63.81,1.69,
GULPOLY,1318,1.0,4,142.0,0.7,0.7,-13.26,2.6,
ISGEC,690,5.0,3,848.5,0.72,0.72,50.75,2.97,
WENDT,1130,1.0,4,8225.5,0.77,0.77,80.41,2.0,
PDSL,720,5.0,2,398.0,0.83,0.83,89.0,4.54,
SURAJEST,1204,5.0,5,272.7,0.99,0.99,,3.06,
TEAMLEASE,958,5.0,3,1657.9,1.01,1.01,-21.07,2.48,
AWHCL,1199,5.0,5,464.5,1.03,1.03,49.62,2.81,
MAHSEAMLES,623,5.0,5,572.4,1.03,1.03,1.03,1.65,
SUMICHEM,321,5.0,3,451.7,1.22,1.22,25.59,2.09,
EMAMILTD,322,5.0,3,514.85,1.39,1.39,33.85,2.24,
KOKUYOCMLN,1296,1.0,1,96.99,1.4,1.4,47.93,2.77,
CLSEL,1201,5.0,3,263.7,1.42,1.42,,2.64,
OMAXE,1209,1.0,0,69.9,1.42,1.42,39.84,4.33,
TCIEXP,1016,1.0,3,610.3,1.52,1.52,25.32,2.19,
TTML,543,1.0,0,50.91,1.59,1.59,2.47,1.79,
AMBIKCO,1348,1.0,3,1295.0,1.69,1.69,-7.0,1.67,
SIGACHI,1195,5.0,1,34.63,1.82,1.82,36.53,3.04,
CARBORUNIV,403,5.0,2,825.55,1.99,1.99,21.02,2.67,
INDGN,481,5.0,5,510.1,2.18,2.18,,1.65,
BECTORFOOD,615,5.0,3,1305.5,2.26,2.26,81.23,3.57,
JNKINDIA,1154,5.0,3,271.0,2.29,2.29,,5.41,
DVL,1269,1.0,3,300.25,2.38,2.38,38.72,2.65,
MATRIMONY,1260,1.0,2,499.0,2.4,2.4,-0.05,3.11,
TTKHLTCARE,1138,1.0,3,1128.1,2.4,2.4,76.95,1.94,
STERTOOLS,1284,5.0,2,276.85,2.47,2.47,-9.93,3.0,
YASHO,1078,1.0,3,1655.3,2.5,2.5,,7.48,
BEPL,1026,5.0,4,92.39,2.59,2.59,37.19,1.2,
KECL,1356,1.0,1,109.08,2.77,2.77,93.95,2.22,
ORIENTELEC,833,5.0,2,182.45,2.87,2.87,-3.59,3.76,
AKUMS,682,5.0,2,417.0,2.88,2.88,,3.45,
GTPL,1243,1.0,4,101.12,2.99,2.99,7.29,2.11,
DSSL,1224,1.0,3,955.6,3.0,3.0,98.63,3.77,
RUPA,1174,1.0,4,178.95,3.02,3.02,-10.2,4.16,
GALAPREC,1306,1.0,4,735.0,3.07,3.07,,2.76,
JYOTHYLAB,503,5.0,4,309.6,3.07,3.07,57.96,1.57,
CEIGALL,810,5.0,4,243.7,3.18,3.18,,2.8,
PCJEWELLER,621,1.0,4,10.62,3.2,3.2,82.53,3.87,
BCLIND,1268,1.0,3,35.65,3.23,3.23,21.84,2.67,
PFC,76,5.0,6,369.35,3.28,3.28,78.97,1.32,
PPLPHARMA,297,5.0,1,187.89,3.28,3.28,,2.07,
ACC,245,5.0,6,1840.8,3.39,3.39,13.5,1.02,
NCC,514,5.0,3,176.02,3.39,3.39,70.34,1.78,
JINDRILL,1116,5.0,6,591.05,3.56,3.56,93.14,2.28,
PITTIENG,898,1.0,3,869.0,3.57,3.57,97.81,2.28,
RBA,859,5.0,3,61.77,3.84,3.84,-36.8,2.72,
SNOWMAN,1347,1.0,2,44.73,3.87,,45.79,2.18,
HAVELLS,123,5.0,3,1437.2,3.89,3.89,28.72,1.37,
APTUS,442,5.0,6,279.3,4.06,4.06,4.06,2.44,
VSTIND,807,5.0,4,252.3,4.06,4.06,-0.67,1.23,
BLS,455,5.0,5,321.5,4.12,4.12,97.9,3.32,
RELAXO,535,5.0,1,407.5,4.21,4.21,-83.56,2.6,
ACE,500,5.0,3,958.2,4.25,4.25,81.74,1.82,
BALAMINES,838,5.0,3,1177.6,4.25,4.25,-59.65,2.46,
CYIENT,474,5.0,2,1132.3,4.26,4.26,36.41,2.22,
ITC,12,5.0,5,407.75,4.32,4.32,2.06,1.15,
MONARCH,1003,1.0,5,307.9,4.35,4.35,69.15,3.68,
MTNL,996,1.0,2,39.14,4.39,4.39,57.59,1.92,
SWSOLAR,736,5.0,3,228.48,4.39,4.39,-10.73,2.3,
JKIL,786,5.0,4,605.2,4.49,4.49,89.25,1.98,
SYNGENE,295,5.0,2,629.25,4.72,4.72,3.43,1.9,
BALAJEE,1438,1.0,3,40.5,4.81,4.81,,3.09,
MANKIND,118,5.0,3,2243.4,4.97,4.97,,1.57,
KELLTONTEC,1267,5.0,5,20.01,5.04,5.04,58.12,3.83,
MOREPENLAB,1005,5.0,2,44.25,5.08,5.08,46.67,2.57,
JAGSNPHARM,1185,1.0,3,203.26,5.12,5.12,46.16,2.11,
DOLATALGO,1216,1.0,3,71.84,5.35,5.35,45.36,6.45,
LINCOLN,1266,1.0,6,528.0,5.49,5.49,51.7,3.59,
INOXWIND,304,5.0,4,137.92,5.51,5.51,86.33,3.57,
DBEIL,1376,1.0,3,136.05,5.55,5.55,,3.64,
GANDHAR,1189,1.0,5,136.05,5.56,5.56,,3.47,
SUTLEJTEX,1392,1.0,1,34.42,5.58,5.58,-10.4,4.52,
CONCORDBIO,419,5.0,4,1424.6,5.59,5.59,,3.44,
IRCTC,185,5.0,4,695.5,5.68,5.68,,1.37,
PGHH,217,5.0,3,12835.0,5.68,5.68,34.55,1.47,
KAMDHENU,1346,1.0,7,26.62,5.71,5.71,91.76,2.18,
TVSSCS,751,5.0,2,113.9,5.71,5.71,,2.74,
INDOSTAR,907,1.0,4,231.1,5.72,5.72,55.37,3.44,
WALCHANNAG,1275,5.0,1,151.57,5.79,5.79,73.97,4.96,
SOTL,993,1.0,5,364.4,5.8,5.8,48.85,2.24,
GTLINFRA,1111,1.0,1,1.36,5.88,5.88,55.88,2.1,
AJANTPHARM,264,5.0,5,2473.8,5.92,5.92,57.08,1.86,
GATEWAY,921,5.0,6,60.43,5.92,5.92,3.11,2.62,
IREDA,220,5.0,5,145.69,5.96,5.96,,1.71,
BRIGADE,327,5.0,4,907.1,6.07,6.07,90.02,2.14,
RADIANTCMS,1393,1.0,3,52.59,6.1,6.1,,2.5,
SASKEN,1063,1.0,3,1359.0,6.11,6.11,47.17,2.27,
AVADHSUGAR,1345,1.0,3,377.55,6.13,6.13,-3.83,2.3,
NPST,914,1.0,2,1603.5,6.14,6.14,,4.6,
VBL,59,5.0,1,447.65,6.28,6.28,90.43,1.65,
ANDHRAPAP,1182,1.0,1,69.47,6.29,6.29,67.76,2.09,
MANGLMCEM,1085,5.0,3,710.25,6.37,6.37,67.04,2.73,
AUTOAXLES,1000,1.0,5,1624.9,6.46,6.46,79.35,1.58,
BASF,353,5.0,0,4346.7,6.48,6.48,49.55,2.16,
KCP,1024,5.0,3,179.17,6.49,6.49,48.82,4.59,
TORNTPOWER,162,5.0,4,1291.4,6.52,6.52,67.84,1.67,
FLUOROCHEM,234,5.0,2,3448.0,6.6,6.6,28.19,2.22,
GARFIBRES,646,5.0,3,721.85,6.6,6.6,26.58,4.3,
JUNIPER,734,5.0,2,240.15,6.6,6.6,,2.78,
ARIHANTSUP,1140,1.0,4,367.5,6.67,6.67,56.86,3.08,
TATACHEM,339,5.0,1,810.0,6.67,6.67,4.52,2.01,
DMCC,1367,1.0,4,263.75,6.73,6.73,13.46,3.33,
WIPRO,34,5.0,5,244.49,6.74,6.74,28.01,1.38,
IRB,287,5.0,4,43.93,6.76,6.76,89.62,2.32,
ABREL,344,5.0,1,1757.4,6.79,6.79,66.54,2.91,
JAYAGROGN,1371,1.0,3,216.0,6.8,6.8,34.77,3.36,
BALRAMCHIN,578,5.0,4,450.25,6.93,6.93,23.71,2.72,
GOACARBON,1428,1.0,1,419.55,7.04,7.04,74.12,1.46,
OMINFRAL,1272,1.0,1,107.9,7.04,7.04,90.82,2.8,
JAGRAN,1153,1.0,4,69.94,7.05,7.05,32.66,0.87,
CENTENKA,1290,1.0,3,451.25,7.08,7.08,24.65,2.1,
PARKHOTELS,930,5.0,4,138.89,7.12,7.12,,2.0,
CONCOR,224,5.0,3,517.95,7.13,7.13,-6.96,1.81,
DEVYANI,367,5.0,3,144.43,7.22,7.22,1.51,3.8,
BAYERCROP,340,5.0,3,4548.5,7.28,7.28,13.81,1.72,
ROSSARI,881,5.0,4,614.0,7.33,7.33,-7.0,1.51,
XPROINDIA,1010,5.0,1,1020.8,7.33,7.33,49.04,2.67,
KRONOX,1399,1.0,4,142.76,7.5,7.5,,2.89,
LTTS,204,5.0,5,4288.9,7.53,7.53,31.82,2.81,
DALMIASUG,984,5.0,4,314.8,7.56,7.56,10.72,2.35,
BALKRISIND,207,5.0,2,2329.2,7.61,7.61,27.42,2.3,
PONNIERODE,1450,1.0,5,289.0,7.61,7.61,71.89,1.92,
BLKASHYAP,1253,1.0,0,48.71,7.62,7.62,65.92,4.14,
NOCIL,942,5.0,3,171.18,7.64,7.64,-16.31,2.97,
COALINDIA,38,5.0,6,378.2,7.65,7.65,71.03,1.11,
ACCELYA,1083,5.0,3,1319.4,7.65,7.65,36.98,1.21,
KANSAINER,350,5.0,5,236.54,7.75,7.75,-0.94,2.06,
XCHANGING,1299,5.0,6,86.15,7.79,7.79,40.05,2.22,
KRITI,1403,1.0,1,98.1,7.81,7.81,92.15,6.07,
HPAL,1424,1.0,5,46.29,7.86,7.86,-33.51,3.29,
ABB,99,5.0,3,5089.5,7.96,7.96,85.81,1.56,(Stock Name: ABB INDIA LIMITED; Sector: Industrials; Intrinsic: 339.53; Revenue: 13011 cr; Net Profit: 1767 cr; Recommended: hold; Projected High: 6095.0; Projected Medium: 5299.5; Projected Low: 4206.0; All time high: 9149.95 => 44.0%; SMA 200: 5433.77 => -6.76%; RSI: 47.63; Day Volatility: 1.56; Week Volatility: 4.03; Month Volatility: 10.44; Day Trend: Downtrend; Week Trend: Downtrend; Month Trend: Downtrend; Day Support: 4684.45 => 7.96%; Week Support: 4684.45 => 7.96%; Month Support: 722.0 => 85.81%; Day NWE: 4762.14 => 6.43%; Week NWE: 3751.63 => 26.29%; Month NWE: 4470.5 => 12.16%)
ENIL,1378,1.0,3,131.5,7.98,7.98,16.35,3.74,
GICHSGFIN,1310,5.0,5,169.8,8.12,8.12,36.69,2.28,
PNCINFRA,665,5.0,3,261.4,8.19,8.19,16.22,3.29,
DHANUKA,733,5.0,4,1190.9,8.3,8.3,49.19,3.06,
NAHARSPING,1353,1.0,2,201.92,8.33,8.33,-5.98,3.26,
INNOVACAP,817,5.0,4,722.55,8.38,8.38,,3.85,
RAINBOW,452,5.0,3,1330.4,8.45,8.45,,2.57,
ABFRL,568,5.0,1,77.11,8.51,8.51,-139.14,1.85,
TEXRAIL,738,5.0,2,130.15,8.52,8.52,90.58,2.47,
DYNPRO,1436,1.0,4,276.0,8.57,8.57,14.86,4.88,
LIBERTSHOE,1404,1.0,3,302.0,8.61,8.61,78.96,3.49,
WSTCSTPAPR,956,5.0,3,421.45,8.62,8.62,76.26,1.7,
JCHAC,774,5.0,2,1752.0,8.64,8.64,46.46,0.45,
BLUEDART,443,5.0,3,5875.0,8.68,8.68,6.61,2.25,
HARIOMPIPE,1256,5.0,4,351.25,8.8,8.8,,4.51,
JAYSREETEA,1449,1.0,4,93.9,8.83,8.83,20.13,2.31,
HCC,802,1.0,3,24.11,8.88,8.88,85.07,2.71,
ZEEL,565,5.0,3,98.06,8.91,8.91,-70.1,1.59,
HATHWAY,1022,5.0,5,13.11,8.92,8.92,6.56,1.37,
GNFC,640,5.0,6,493.2,8.96,8.96,1.77,1.89,
TRF,1435,1.0,2,313.35,9.03,9.03,85.59,2.96,
IGARASHI,1178,5.0,2,441.0,9.06,9.06,43.42,2.49,
GODREJPROP,166,5.0,1,2090.1,9.1,9.1,51.92,2.06,
MOTISONS,1127,5.0,1,16.96,9.2,9.2,,4.83,
ATULAUTO,1217,5.0,3,455.0,9.31,9.31,67.8,2.13,
TASTYBITE,1051,1.0,1,8318.5,9.32,9.32,4.3,1.92,
MVGJL,1293,1.0,5,199.51,9.33,9.33,,3.63,
KROSS,1262,5.0,2,165.5,9.33,9.33,,3.53,
JTLIND,980,1.0,2,65.93,9.34,9.34,,5.14,
ESAFSFB,1180,1.0,1,26.86,9.49,9.49,,2.07,
SIGNATURE,404,1.0,1,1116.8,9.49,9.49,,2.1,
JWL,469,5.0,1,298.55,9.55,9.55,97.74,2.19,
SOMANYCERA,1106,1.0,3,437.15,9.58,9.58,-2.02,2.28,
FIRSTCRY,412,5.0,3,316.5,9.62,9.62,,3.22,
BFINVEST,1122,1.0,3,449.75,9.73,9.73,47.59,2.03,
IRFC,56,5.0,4,119.82,9.83,9.83,83.89,1.38,
BODALCHEM,1360,1.0,4,55.5,9.89,9.89,0.99,2.25,
AARTIIND,446,5.0,3,382.0,9.9,9.9,-14.66,1.76,(Stock Name: AARTI INDUSTRIES LTD; Sector: Basic Materials; Intrinsic: 156.81; Revenue: 7568 cr; Net Profit: 291 cr; Recommended: buy; Projected High: 610.0; Projected Medium: 459.5; Projected Low: 340.0; All time high: 1168.0 => 67.0%; SMA 200: 416.18 => -8.95%; RSI: 44.94; Day Volatility: 1.76; Week Volatility: 4.68; Month Volatility: 12.84; Day Trend: Downtrend; Week Trend: Downtrend; Month Trend: Downtrend; Day Support: 344.2 => 9.9%; Week Support: 344.2 => 9.9%; Month Support: 438.0 => -14.66%; Day NWE: 362.81 => 5.02%; Week NWE: 266.78 => 30.16%; Month NWE: 206.93 => 45.83%)
PATANJALI,165,5.0,3,581.2,9.96,9.96,32.9,1.64,
PDMJEPAPER,1295,1.0,5,102.6,9.99,9.99,69.59,2.85,
[Equity Support - Hit List]
Symbol,Rank,MTF,Quality Score,LTP,Day Gap%,Week Gap%,Month Gap%,Volatility%,Details
CAPACITE,1006,5.0,5,286.5,-0.35,-0.35,65.72,3.57,
PANAMAPET,1100,5.0,5,303.65,-0.44,-0.44,91.6,3.42,
UCAL,1448,1.0,1,124.25,-0.6,-0.6,,3.22,
SULA,1069,5.0,1,241.2,-0.75,-0.75,,1.82,
SFL,673,5.0,2,609.4,-1.53,-1.53,-48.77,3.02,
SERVOTECH,1047,1.0,1,96.0,-1.61,-1.61,96.77,3.44,
RATNAMANI,393,5.0,5,2300.6,-1.85,-1.85,79.16,2.1,
HINDOILEXP,1091,5.0,5,145.15,-1.85,-1.85,20.25,3.7,
HMVL,1400,1.0,5,71.84,-1.89,-1.89,42.58,4.97,
NILKAMAL,1042,1.0,4,1465.9,-1.92,-1.92,-15.49,1.25,
ENTERO,785,5.0,3,1057.8,-2.1,-2.1,,3.85,
DCW,1084,5.0,4,66.69,-2.11,-2.11,90.18,4.56,
THERMAX,256,5.0,1,2886.7,-2.19,-2.19,80.25,2.34,
IGPL,1239,1.0,2,377.15,-2.35,-2.35,-6.72,2.24,
SUNTV,333,5.0,6,536.65,-2.36,-2.36,26.62,2.38,
ORIENTCEM,850,5.0,6,177.3,-2.65,-2.65,46.08,2.31,
FINCABLES,494,5.0,6,759.55,-2.69,-2.69,54.78,1.82,
TRENT,57,5.0,4,4359.1,-2.96,-2.96,97.49,1.37,
VIDHIING,1099,1.0,3,368.8,-3.46,-3.46,-3.46,5.17,
LUXIND,867,5.0,4,1168.2,-3.66,-3.66,8.26,2.17,
APOLLOPIPE,1197,5.0,1,300.7,-4.02,-4.02,-33.75,1.91,
EPIGRAL,691,5.0,4,1442.4,-4.16,-4.16,,2.15,
APTECHT,1388,1.0,3,102.7,-4.19,-4.19,-36.32,3.68,
RAIN,841,5.0,2,112.31,-4.23,-4.23,-14.5,3.03,
HAPPSTMNDS,629,5.0,4,498.15,-4.25,-4.25,-53.22,1.42,
PATELENG,960,1.0,4,34.18,-4.39,-4.39,61.53,2.32,
SESHAPAPER,1147,1.0,3,245.45,-4.4,-4.4,45.57,2.48,
MAHESHWARI,1455,1.0,5,51.25,-4.43,-4.43,3.12,3.07,
UBL,203,5.0,1,1726.9,-4.81,-4.81,21.62,1.55,
TVTODAY,1331,1.0,3,140.24,-5.19,-5.19,-20.9,3.44,
RAYMOND,890,5.0,3,495.75,-5.52,-5.52,57.64,2.74,
WONDERLA,857,5.0,5,568.35,-5.57,-5.57,81.53,3.59,
DCXINDIA,1053,5.0,3,189.25,-5.73,-5.73,,4.34,
NIITLTD,1190,5.0,5,97.58,-5.96,-5.96,20.78,2.39,
EMUDHRA,754,5.0,3,614.35,-6.18,-6.18,,1.86,
AGARIND,1235,1.0,3,786.6,-6.45,-6.45,94.41,3.0,
NIITMTS,759,5.0,5,361.0,-6.65,-6.65,,3.86,
EXICOM,1120,5.0,3,121.94,-6.91,-6.91,,3.36,
HGINFRA,719,5.0,4,865.4,-7.3,-7.3,85.4,2.43,
SHOPERSTOP,770,1.0,3,435.25,-7.33,-7.33,71.51,3.04,
SAPPHIRE,607,5.0,2,255.0,-8.16,-8.16,,3.38,
SANOFI,532,5.0,1,4512.8,-8.62,-8.62,-15.27,1.62,
STYRENIX,860,5.0,6,2039.4,-8.88,-8.88,65.87,4.31,
TIPSMUSIC,679,5.0,6,503.9,-9.41,-9.41,99.03,2.02,
MANINFRA,758,1.0,5,122.78,-10.03,-10.03,46.08,3.73,
ORIENTHOT,1067,5.0,3,114.4,-10.15,-10.15,87.98,2.96,
DELTACORP,1098,5.0,4,69.32,-10.59,-10.59,-133.84,2.23,
SAREGAMA,643,5.0,4,375.0,-11.31,-11.31,21.4,3.06,
RPPINFRA,1405,1.0,3,103.62,-11.32,-11.32,71.53,4.94,
EMBDL,510,5.0,4,80.05,-11.46,-11.46,,3.07,
CROMPTON,373,5.0,3,269.75,-11.58,-11.58,6.95,1.86,
JISLJALEQS,891,5.0,3,46.18,-12.67,-12.67,42.62,2.39,
GENESYS,1087,1.0,3,463.9,-12.96,-12.96,42.66,6.67,
STANLEY,1202,1.0,3,228.85,-13.0,-13.0,,4.05,
ELECTCAST,780,5.0,3,76.29,-13.06,-13.06,65.26,2.8,
GODREJAGRO,513,5.0,4,575.05,-13.9,-13.9,32.03,2.56,
TCS,4,5.0,4,3150.6,-13.99,-13.99,7.13,1.19,
SUYOG,1341,1.0,4,669.7,-14.99,-14.99,,3.55,
AURIONPRO,703,5.0,5,1083.6,-15.27,-15.27,98.74,3.67,
CMSINFO,710,5.0,4,355.3,-15.55,-15.55,,1.8,
CONFIPET,1196,5.0,4,39.81,-15.67,-15.67,-11.15,2.61,
IONEXCHANG,805,5.0,6,348.9,-16.08,-16.08,,2.36,
JYOTISTRUC,1172,1.0,4,11.98,-16.44,-16.44,57.01,6.77,
WESTLIFE,596,5.0,2,550.05,-16.48,-16.48,26.86,4.23,
MUFTI,1368,1.0,3,100.0,-17.0,-17.0,,2.66,
3IINFOLTD,1433,1.0,4,17.21,-17.49,-17.49,-52.53,2.97,(Stock Name: 3I INFOTECH LIMITED; Sector: Technology; Intrinsic: 18.25; Revenue: 714 cr; Net Profit: 70 cr; Recommended: none; Projected High: 0; Projected Medium: 0; Projected Low: 0; All time high: 1642.0 => 99.0%; SMA 200: 23.13 => -34.4%; RSI: 37.07; Day Volatility: 2.97; Week Volatility: 12.11; Month Volatility: 22.79; Day Trend: Downtrend; Week Trend: Downtrend; Month Trend: Downtrend; Day Support: 20.22 => -17.49%; Week Support: 20.22 => -17.49%; Month Support: 26.25 => -52.53%; Day NWE: 15.26 => 11.32%; Week NWE: 12.09 => 29.77%; Month NWE: -4.73 => 127.5%)
POLYPLEX,964,5.0,4,867.0,-17.66,-17.66,13.3,2.14,
ROLEXRINGS,955,5.0,6,102.4,-18.2,-18.2,,2.61,
DEEPAKNTR,309,5.0,1,1701.3,-18.79,-18.79,1.18,1.59,
CLEAN,547,5.0,6,921.8,-20.03,-20.03,-33.12,2.13,
ZEEMEDIA,1391,1.0,3,9.09,-20.57,-20.57,19.14,4.12,
EPACK,988,5.0,1,262.0,-20.61,-20.61,,3.29,
CHEMPLASTS,760,5.0,2,312.0,-21.47,-21.47,-9.63,4.48,
GOCOLORS,938,5.0,3,537.85,-22.9,-22.9,,3.16,
SHIVALIK,1374,1.0,3,405.25,-23.38,-23.38,-21.63,3.49,
NDTV,1300,1.0,2,85.03,-25.97,-25.97,77.54,2.29,
BATAINDIA,465,5.0,1,999.0,-27.03,-27.03,-38.24,1.62,
UDS,1208,5.0,4,192.1,-27.28,-27.28,,3.16,
TARSONS,1238,1.0,2,218.3,-28.26,-28.26,,5.83,
KHADIM,1426,1.0,2,215.0,-30.72,-30.72,18.79,3.72,
MMFL,1159,1.0,3,310.15,-35.83,-35.83,75.81,3.19,
HIKAL,961,5.0,1,223.34,-42.61,-42.61,-11.98,3.63,
MANYAVAR,421,5.0,3,609.65,-45.34,-45.34,,1.62,
GANECOS,1033,5.0,2,843.1,-47.64,-47.64,83.26,5.47,
SUNCLAY,971,5.0,0,1217.0,-49.97,-49.97,,5.85,
KOPRAN,1379,1.0,3,129.79,-52.59,-52.59,26.03,4.18,
SHAREINDIA,853,1.0,3,165.56,-62.81,-62.81,-19.67,2.75,
JINDWORLD,886,5.0,1,33.45,-63.5,-63.5,-60.09,2.87,
THEMISMED,1285,1.0,1,108.71,-66.08,-66.08,36.85,4.15,
SKFINDIA,551,5.0,5,1960.2,-80.64,-80.64,37.25,3.2,
PAKKA,1406,1.0,1,112.09,-88.33,-88.33,,4.73,
ROUTE,811,5.0,5,672.0,-106.26,-106.26,-56.55,2.51,
JAIBALAJI,678,5.0,2,71.01,-120.56,-120.56,89.92,6.51,
VAKRANGEE,1320,1.0,3,8.12,-127.22,-127.22,-68.11,4.17,
SHANKARA,1446,1.0,4,118.24,-276.27,-276.27,-276.27,3.47,
